outer_id,speaker_id,제주방언,표준어
DZES20001132.1.1.1,3,이런,이런
DZES20001132.1.1.1,3,마인드는,마인드는
DZES20001132.1.1.2,3,뭐라,뭐라
DZES20001132.1.1.2,3,뭐랄까,뭐랄까
DZES20001132.1.1.2,3,내가,내가
DZES20001132.1.1.2,3,뭐라,뭐라
DZES20001132.1.1.2,3,말은,말은
DZES20001132.1.1.2,3,못하겠는데,못하겠는데
DZES20001132.1.1.3,1,응,응
DZES20001132.1.1.4,3,아,아
DZES20001132.1.1.4,3,뭐라,뭐라
DZES20001132.1.1.4,3,말해야,말해야
DZES20001132.1.1.4,3,되지?,되지?
DZES20001132.1.1.5,3,그러니까,그러니까
DZES20001132.1.1.5,3,뭐,뭐
DZES20001132.1.1.6,2,데려와,데려와
DZES20001132.1.1.6,2,와,와
DZES20001132.1.1.6,2,주라,주라
DZES20001132.1.1.6,2,뭐,뭐
DZES20001132.1.1.6,2,이,이
DZES20001132.1.1.6,2,이런,이런
DZES20001132.1.1.6,2,건,건
DZES20001132.1.1.6,2,상,상
DZES20001132.1.1.6,2,존나,존나
DZES20001132.1.1.6,2,기분이,기분이
DZES20001132.1.1.6,2,나빠,나빠
DZES20001132.1.1.6,2,맞네,맞잖아
DZES20001132.1.1.7,2,아니,아니
DZES20001132.1.1.7,2,그때도,그때도
DZES20001132.1.1.7,2,있네,있잖아
DZES20001132.1.1.7,2,우리,우리
DZES20001132.1.1.7,2,여기서,여기서
DZES20001132.1.1.7,2,녹음하고,녹음하고
DZES20001132.1.1.7,2,있었나,있었나
DZES20001132.1.1.7,2,바,바
DZES20001132.1.1.7,2,그래서,그래서
DZES20001132.1.1.7,2,밥,밥
DZES20001132.1.1.7,2,먹고,먹고
DZES20001132.1.1.7,2,있었네,있었잖아
DZES20001132.1.1.8,2,근데,근데
DZES20001132.1.1.8,2,걔는,걔는
DZES20001132.1.1.8,2,헬스,헬스
DZES20001132.1.1.8,2,끝나가지고,끝나가지고
DZES20001132.1.1.8,2,피씨방,피씨방
DZES20001132.1.1.8,2,가는건데,가는건데
DZES20001132.1.1.9,2,그걸,그걸
DZES20001132.1.1.9,2,왜,왜
DZES20001132.1.1.9,2,데려다,데려다
DZES20001132.1.1.9,2,줘야,줘야
DZES20001132.1.1.9,2,되냐고,되냐고
DZES20001132.1.1.9,2,씨발,씨발
DZES20001132.1.1.9,2,알아서,알아서
DZES20001132.1.1.9,2,걸어,걸어
DZES20001132.1.1.9,2,갈,갈
DZES20001132.1.1.9,2,수,수
DZES20001132.1.1.9,2,있잖아,있잖아
DZES20001132.1.1.9,2,거,거
DZES20001132.1.1.9,2,그,그
DZES20001132.1.1.9,2,정도,정도
DZES20001132.1.1.9,2,거리는,거리는
DZES20001132.1.1.10,2,그냥,그냥
DZES20001132.1.1.10,2,진짜,진짜
DZES20001132.1.1.10,2,씨발,씨발
DZES20001132.1.1.11,1,나는,나는
DZES20001132.1.1.11,1,가끔,가끔
DZES20001132.1.1.11,1,너가,너가
DZES20001132.1.1.11,1,진짜,진짜
DZES20001132.1.1.11,1,대단했던,대단했던
DZES20001132.1.1.11,1,게,게
DZES20001132.1.1.11,1,뭐냐면,뭐냐면
DZES20001132.1.1.12,1,나였으면,나였으면
DZES20001132.1.1.12,1,그냥,그냥
DZES20001132.1.1.12,1,기분나빠서,기분나빠서
DZES20001132.1.1.12,1,애들을,애들을
DZES20001132.1.1.12,1,만나러,만나러
DZES20001132.1.1.12,1,간,간
DZES20001132.1.1.12,1,갈꺼거든,갈꺼거든
DZES20001132.1.1.13,1,분명,분명
DZES20001132.1.1.13,1,너가,너가
DZES20001132.1.1.13,1,가면은,가면은
DZES20001132.1.1.13,1,너가,너가
DZES20001132.1.1.13,1,애들을,애들을
DZES20001132.1.1.13,1,다,다
DZES20001132.1.1.13,1,내려다줘야,내려다줘야
DZES20001132.1.1.13,1,되잖아,되잖아
DZES20001132.1.1.13,1,집,집
DZES20001132.1.1.13,1,데려다주고,데려다주고
DZES20001132.1.1.14,1,난,난
DZES20001132.1.1.14,1,그럴,그럴
DZES20001132.1.1.14,1,거면,거면
DZES20001132.1.1.14,1,차라리,차라리
DZES20001132.1.1.14,1,안,안
DZES20001132.1.1.14,1,간단,간단
DZES20001132.1.1.14,1,말이야.,말이야.
DZES20001132.1.1.15,2,아,아
DZES20001132.1.1.15,2,근데,근데
DZES20001132.1.1.15,2,그거는,그거는
DZES20001132.1.1.15,2,어차피,어차피
DZES20001132.1.1.15,2,나도,나도
DZES20001132.1.1.15,2,놀러,놀러
DZES20001132.1.1.15,2,가는,가는
DZES20001132.1.1.15,2,경우,경우
DZES20001132.1.1.15,2,어차피,어차피
DZES20001132.1.1.15,2,그러는거니까,그러는거니까
DZES20001132.1.1.15,2,상관없는데,상관없는데
DZES20001132.1.1.16,1,너가,너가
DZES20001132.1.1.16,1,귀찮아,귀찮아
DZES20001132.1.1.16,1,할,할
DZES20001132.1.1.16,1,때도,때도
DZES20001132.1.1.16,1,가는게,가는게
DZES20001132.1.1.16,1,난,난
DZES20001132.1.1.16,1,그게,그게
DZES20001132.1.1.16,1,너무,너무
DZES20001132.1.1.16,1,신기해,신기해
DZES20001132.1.1.17,3,아,아
DZES20001132.1.1.17,3,심심하네,심심하네
DZES20001132.1.1.17,3,집에만,집에만
DZES20001132.1.1.17,3,있으면,있으면
DZES20001132.1.1.18,1,그래서,그래서
DZES20001132.1.1.18,1,난,난
DZES20001132.1.1.18,1,그게,그게
DZES20001132.1.1.18,1,너무,너무
DZES20001132.1.1.18,1,대단해,대단해
DZES20001132.1.1.19,3,근데,근데
DZES20001132.1.1.19,3,뭔가,뭔가
DZES20001132.1.1.19,3,있다,있다
DZES20001132.1.1.20,2,그니까,그니까
DZES20001132.1.1.20,2,뭐,뭐
DZES20001132.1.1.20,2,예를,예를
DZES20001132.1.1.20,2,들어,들어
DZES20001132.1.1.20,2,미안하다,미안하다
DZES20001132.1.1.20,2,미안한데,미안한데
DZES20001132.1.1.21,2,뭐,뭐
DZES20001132.1.1.21,2,이렇게,이렇게
DZES20001132.1.1.21,2,해줄,해줄
DZES20001132.1.1.21,2,수,수
DZES20001132.1.1.21,2,있을까,있을까
DZES20001132.1.1.21,2,이렇게,이렇게
DZES20001132.1.1.21,2,상황이,상황이
DZES20001132.1.1.21,2,이렇게,이렇게
DZES20001132.1.1.21,2,돼서,돼서
DZES20001132.1.1.21,2,하면,하면
DZES20001132.1.1.21,2,기분이,기분이
DZES20001132.1.1.21,2,좀,좀
DZES20001132.1.1.21,2,달라질수가,달라질수가
DZES20001132.1.1.21,2,있어,있어
DZES20001132.1.1.22,2,근데,근데
DZES20001132.1.1.22,2,다짜고짜,다짜고짜
DZES20001132.1.1.23,2,야,야
DZES20001132.1.1.24,2,데려다주라,데려다주라
DZES20001132.1.1.24,2,이건,이건
DZES20001132.1.1.24,2,이건,이건
DZES20001132.1.1.24,2,좀,좀
DZES20001132.1.1.24,2,그래,그래
DZES20001132.1.1.25,1,아,아
DZES20001132.1.1.25,1,심지어,심지어
DZES20001132.1.1.25,1,한번,한번
DZES20001132.1.1.25,1,그런,그런
DZES20001132.1.1.25,1,거,거
DZES20001132.1.1.25,1,있언,있었어
DZES20001132.1.1.25,1,&name1&이라는,&name1&이라는
DZES20001132.1.1.25,1,애가,애가
DZES20001132.1.1.25,1,&name2&한테,&name2&한테
DZES20001132.1.1.26,1,우리,우리
DZES20001132.1.1.26,1,드라이브,드라이브
DZES20001132.1.1.26,1,가자,가자
DZES20001132.1.1.26,1,이랬는데,이랬는데
DZES20001132.1.1.27,1,&name2&가,&name2&가
DZES20001132.1.1.27,1,나차,나차
DZES20001132.1.1.27,1,없어,없어
DZES20001132.1.1.27,1,이러니까,이러니까
DZES20001132.1.1.27,1,&name3&이,&name3&이
DZES20001132.1.1.27,1,차,차
DZES20001132.1.1.27,1,있네,있잖아
DZES20001132.1.1.27,1,이러는거,이러는거야
DZES20001132.1.1.28,1,아니,아니
DZES20001132.1.1.28,1,걔,걔
DZES20001132.1.1.28,1,차냐고,차냐고
DZES20001132.1.1.28,1,그니까,그니까
DZES20001132.1.1.28,1,진짜,진짜
DZES20001132.1.1.28,1,&name1&이라는,&name1&이라는
DZES20001132.1.1.28,1,애가,애가
DZES20001132.1.1.28,1,&name3&이,&name3&이
DZES20001132.1.1.28,1,차를,차를
DZES20001132.1.1.29,1,자기,자기
DZES20001132.1.1.29,1,차,차
DZES20001132.1.1.29,1,취급을,취급을
DZES20001132.1.1.29,1,진짜,진짜
DZES20001132.1.1.29,1,많이,많이
DZES20001132.1.1.29,1,했언,했었어
DZES20001132.1.1.29,1,&name4&이도,&name4&이도
DZES20001132.1.1.29,1,그렇고,그렇고
DZES20001132.1.1.30,2,아니,아니
DZES20001132.1.1.30,2,진짜,진짜
DZES20001132.1.1.30,2,계속,계속
DZES20001132.1.1.30,2,그러면은,그러면은
DZES20001132.1.1.30,2,그게,그게
DZES20001132.1.1.30,2,진짜,진짜
DZES20001132.1.1.30,2,사람이,사람이
DZES20001132.1.1.30,2,좀,좀
DZES20001132.1.1.31,2,버릇이,버릇이
DZES20001132.1.1.31,2,생긴다니까,생긴다니까
DZES20001132.1.1.32,2,아,아
DZES20001132.1.1.32,2,뭐였지,뭐였지
DZES20001132.1.1.33,1,근데,근데
DZES20001132.1.1.33,1,나는,나는
DZES20001132.1.1.33,1,너한테,너한테
DZES20001132.1.1.33,1,그러는거,그러는거
DZES20001132.1.1.33,1,난,난
DZES20001132.1.1.33,1,되게,되게
DZES20001132.1.1.33,1,괜찮다고,괜찮다고
DZES20001132.1.1.33,1,생각해,생각해
DZES20001132.1.1.33,1,나는,나는
DZES20001132.1.1.34,3,근데,근데
DZES20001132.1.1.34,3,&name5&이도,&name5&이도
DZES20001132.1.1.34,3,놀러가네,놀러가잖아
DZES20001132.1.1.34,3,놀러가서,놀러가서
DZES20001132.1.1.34,3,뭐,뭐
DZES20001132.1.1.34,3,어차피,어차피
DZES20001132.1.1.34,3,놀거,놀거
DZES20001132.1.1.35,3,같은,같은
DZES20001132.1.1.35,3,방향인,방향인
DZES20001132.1.1.35,3,애들은,애들은
DZES20001132.1.1.35,3,좀,좀
DZES20001132.1.1.35,3,태워다,태워다
DZES20001132.1.1.35,3,줄,줄
DZES20001132.1.1.35,3,수가,수가
DZES20001132.1.1.35,3,인,있어
DZES20001132.1.1.35,3,근데,근데
DZES20001132.1.1.35,3,나는,나는
DZES20001132.1.1.36,3,조금,조금
DZES20001132.1.1.36,3,그런,그런
DZES20001132.1.1.36,3,게,게
DZES20001132.1.1.36,3,뭐냐면,뭐냐면
DZES20001132.1.1.37,3,&name6&이,&name6&이
DZES20001132.1.1.38,1,응,응
DZES20001132.1.1.39,3,가는,가는
DZES20001132.1.1.39,3,길이,길이
DZES20001132.1.1.39,3,아니야,아니야
DZES20001132.1.1.39,3,그런,그런
DZES20001132.1.1.39,3,우리도,우리도
DZES20001132.1.1.39,3,가야돼,가야돼
DZES20001132.1.1.40,1,응,응
DZES20001132.1.1.41,3,솔직히,솔직히
DZES20001132.1.1.42,3,태워다,태워다
DZES20001132.1.1.42,3,줄,줄
DZES20001132.1.1.42,3,순,순
DZES20001132.1.1.42,3,있거든,있거든
DZES20001132.1.1.43,2,응,응
DZES20001132.1.1.43,2,쟤네도,쟤네도
DZES20001132.1.1.43,2,그렇게,그렇게
DZES20001132.1.1.43,2,따지면,따지면
DZES20001132.1.1.43,2,가는,가는
DZES20001132.1.1.43,2,길은,길은
DZES20001132.1.1.43,2,아니,아니야
DZES20001132.1.1.43,2,그,그
DZES20001132.1.1.43,2,새끼,새끼
DZES20001132.1.1.43,2,집이,집이
DZES20001132.1.1.43,2,진짜,진짜
DZES20001132.1.1.43,2,난,난
DZES20001132.1.1.43,2,&name6&이,&name6&이
DZES20001132.1.1.43,2,집이,집이
DZES20001132.1.1.43,2,나아.,나아.
DZES20001132.1.1.44,2,&name7&이,&name7&이
DZES20001132.1.1.44,2,집이,집이
DZES20001132.1.1.44,2,좆간,좆같아
DZES20001132.1.1.44,2,그,그
DZES20001132.1.1.44,2,골목,골목
DZES20001132.1.1.44,2,나갔다,나갔다
DZES20001132.1.1.44,2,마는게,마는게
DZES20001132.1.1.44,2,존나,존나
DZES20001132.1.1.44,2,오래,오래
DZES20001132.1.1.44,2,걸린다니까,걸린다니까
DZES20001132.1.1.44,2,골목이라서,골목이라서
DZES20001132.1.1.45,3,태워다,태워다
DZES20001132.1.1.45,3,줄,줄
DZES20001132.1.1.45,3,순,순
DZES20001132.1.1.45,3,있어,있어
DZES20001132.1.1.45,3,근데,근데
DZES20001132.1.1.46,3,감사함을,감사함을
DZES20001132.1.1.46,3,알고,알고
DZES20001132.1.1.46,3,있으면,있으면
DZES20001132.1.1.46,3,좋겐.,좋겠어.
DZES20001132.1.1.47,1,응,응
DZES20001132.1.1.48,3,어,어
DZES20001132.1.1.48,3,뭔,뭔
DZES20001132.1.1.48,3,말인지,말인지
DZES20001132.1.1.48,3,알겐?,알겠어?
DZES20001132.1.1.49,3,그나마,그나마
DZES20001132.1.1.49,3,좀,좀
DZES20001132.1.1.49,3,그런,그런
DZES20001132.1.1.49,3,감정이라도,감정이라도
DZES20001132.1.1.49,3,있으면은,있으면은
DZES20001132.1.1.49,3,그냥,그냥
DZES20001132.1.1.50,3,아,아
DZES20001132.1.1.50,3,뭐,뭐
DZES20001132.1.1.50,3,친군데,친군데
DZES20001132.1.1.50,3,그럴,그럴
DZES20001132.1.1.50,3,수,수
DZES20001132.1.1.50,3,있지,있지
DZES20001132.1.1.50,3,하면서,하면서
DZES20001132.1.1.50,3,넘어갈,넘어갈
DZES20001132.1.1.50,3,수,수
DZES20001132.1.1.50,3,있는데,있는데
DZES20001132.1.1.51,3,그,그
DZES20001132.1.1.51,3,고마움마저,고마움마저
DZES20001132.1.1.51,3,없으면은,없으면은
DZES20001132.1.1.51,3,거는,그거는
DZES20001132.1.1.51,3,기분이,기분이
DZES20001132.1.1.51,3,살짝,살짝
DZES20001132.1.1.51,3,더럽지,더럽지
DZES20001132.1.1.52,3,그러니까,그러니까
DZES20001132.1.1.52,3,내,내
DZES20001132.1.1.52,3,마인드는,마인드는
DZES20001132.1.1.52,3,그거라.,그거야.
DZES20001132.1.1.53,1,그,그
DZES20001132.1.1.53,1,누구,누구
DZES20001132.1.1.53,1,차례냐,차례냐
DZES20001132.1.1.53,1,&name5&이,&name5&이
DZES20001132.1.1.53,1,차례다.,차례다.
DZES20001132.1.1.54,2,뭔가,뭔가
DZES20001132.1.1.54,2,그리고,그리고
DZES20001132.1.1.54,2,또,또
DZES20001132.1.1.54,2,이,#이
DZES20001132.1.1.54,2,뭔가,뭔가
DZES20001132.1.1.54,2,그래,그래
DZES20001132.1.1.55,2,완전,완전
DZES20001132.1.1.55,2,뭔가,뭔가
DZES20001132.1.1.56,2,그냥,그냥
DZES20001132.1.1.56,2,혼자,혼자
DZES20001132.1.1.56,2,먼저,먼저
DZES20001132.1.1.56,2,집가기가,집가기가
DZES20001132.1.1.57,1,응,응
DZES20001132.1.1.58,1,맞아,맞아
DZES20001132.1.1.58,1,근데,근데
DZES20001132.1.1.58,1,그래서,그래서
DZES20001132.1.1.58,1,내가,내가
DZES20001132.1.1.58,1,너,너
DZES20001132.1.1.58,1,진짜,진짜
DZES20001132.1.1.58,1,신기했다니까,신기했다니까
DZES20001132.1.1.58,1,그냥,그냥
DZES20001132.1.1.58,1,뭐,뭐
DZES20001132.1.1.59,1,피곤하면,피곤하면
DZES20001132.1.1.59,1,먼저,먼저
DZES20001132.1.1.59,1,집,집
DZES20001132.1.1.59,1,가면,가면
DZES20001132.1.1.59,1,되는데,되는데
DZES20001132.1.1.59,1,굳이,굳이
DZES20001132.1.1.59,1,애들,애들
DZES20001132.1.1.59,1,갈때까지,갈때까지
DZES20001132.1.1.59,1,기다려서,기다려서
DZES20001132.1.1.59,1,굳이,굳이
DZES20001132.1.1.59,1,애들,애들
DZES20001132.1.1.59,1,다,다
DZES20001132.1.1.59,1,태워다주고,태워다주고
DZES20001132.1.1.60,1,난,난
DZES20001132.1.1.60,1,그게,그게
DZES20001132.1.1.60,1,진짜,진짜
DZES20001132.1.1.60,1,대단했언,대단했어
DZES20001132.1.1.60,1,너,너
DZES20001132.1.1.60,1,웩,웩
DZES20001132.1.1.61,3,응,응
DZES20001132.1.1.61,3,그,그
DZES20001132.1.1.61,3,거,거
DZES20001132.1.1.61,3,그럴,그럴
DZES20001132.1.1.61,3,필요는,필요는
DZES20001132.1.1.61,3,없긴,없긴
DZES20001132.1.1.61,3,해,해
DZES20001132.1.1.61,3,어,어
DZES20001132.1.1.62,3,너무,너무
DZES20001132.1.1.62,3,피곤하면,피곤하면
DZES20001132.1.1.62,3,너가,너가
DZES20001132.1.1.62,3,먼저,먼저
DZES20001132.1.1.62,3,가는게,가는게
DZES20001132.1.1.63,1,아니,아니
DZES20001132.1.1.63,1,오죽하면,오죽하면
DZES20001132.1.1.63,1,얘가,얘가
DZES20001132.1.1.63,1,얼마나,얼마나
DZES20001132.1.1.63,1,애들을,애들을
DZES20001132.1.1.63,1,데려다줬으면,데려다줬으면
DZES20001132.1.1.63,1,나는,나는
DZES20001132.1.1.64,1,나는,나는
DZES20001132.1.1.64,1,&name6&이가,&name6&이가
DZES20001132.1.1.64,1,전역했을,전역했을
DZES20001132.1.1.64,1,때,때
DZES20001132.1.1.64,1,막,막
DZES20001132.1.1.64,1,좆됐다,좆됐다
DZES20001132.1.1.64,1,너,너
DZES20001132.1.1.64,1,짐,짐
DZES20001132.1.1.64,1,들어줄,들어줄
DZES20001132.1.1.64,1,애,애
DZES20001132.1.1.64,1,한면,한면
DZES20001132.1.1.64,1,생겼다.,생겼다.
DZES20001132.1.1.65,2,그래서,그래서
DZES20001132.1.1.65,2,점점,점점
DZES20001132.1.1.65,2,그,그
DZES20001132.1.1.66,2,애들이,애들이
DZES20001132.1.1.66,2,전역,전역
DZES20001132.1.1.66,2,할,할
DZES20001132.1.1.66,2,때마다,때마다
DZES20001132.1.1.66,2,무섭다니까,무섭다니까
DZES20001132.1.1.67,2,진짜,진짜
DZES20001132.1.1.67,2,&name8&,&name8&
DZES20001132.1.1.67,2,전역하면,전역하면
DZES20001132.1.1.67,2,진짜,진짜
DZES20001132.1.1.67,2,좆됀거,좆됀거야
DZES20001132.1.1.67,2,난,난
DZES20001132.1.1.67,2,그냥,그냥
DZES20001132.1.1.67,2,외도까지,외도까지
DZES20001132.1.1.67,2,갔,갔
DZES20001132.1.1.67,2,{laughing},{laughing}
DZES20001132.1.1.68,2,&name6&이,&name6&이
DZES20001132.1.1.68,2,집,집
DZES20001132.1.1.68,2,거쳥,거쳐서
DZES20001132.1.1.68,2,외도까지,외도까지
DZES20001132.1.1.68,2,갔다가,갔다가
DZES20001132.1.1.68,2,&name9&이네,&name9&이네
DZES20001132.1.1.68,2,집까지,집까지
DZES20001132.1.1.68,2,데려다,데려다
DZES20001132.1.1.69,2,그래서,그래서
DZES20001132.1.1.69,2,근데,근데
DZES20001132.1.1.70,2,아,아
DZES20001132.1.1.70,2,진짜,진짜
DZES20001132.1.1.71,2,차,차
DZES20001132.1.1.71,2,끌고,끌고
DZES20001132.1.1.71,2,나오기,나오기
DZES20001132.1.1.71,2,싫거든,싫거든
DZES20001132.1.1.71,2,운전하기도,운전하기도
DZES20001132.1.1.71,2,싫고,싫고
DZES20001132.1.1.72,3,근데,근데
DZES20001132.1.1.72,3,(()),(())
DZES20001132.1.1.72,3,또,또
DZES20001132.1.1.72,3,어떻게,어떻게
DZES20001132.1.1.72,3,되겐,되겠어
DZES20001132.1.1.73,2,근데,근데
DZES20001132.1.1.73,2,이,#이
DZES20001132.1.1.74,2,없으면,없으면
DZES20001132.1.1.74,2,또,또
DZES20001132.1.1.74,2,싫어,싫어
DZES20001132.1.1.75,1,응,응
DZES20001132.1.1.76,2,차가,차가
DZES20001132.1.1.77,3,그건,그건
DZES20001132.1.1.77,3,맞아,맞아
DZES20001132.1.1.78,2,존나,존나
DZES20001132.1.1.78,2,불편해,불편해
DZES20001132.1.1.79,3,개,개
DZES20001132.1.1.79,3,불편해,불편해
DZES20001132.1.1.80,3,존나,존나
DZES20001132.1.1.80,3,왔다갔다,왔다갔다
DZES20001132.1.1.80,3,해야되는디,해야되는데
DZES20001132.1.1.81,1,맞아,맞아
DZES20001132.1.1.82,2,아,아
DZES20001132.1.1.82,2,그냥,그냥
DZES20001132.1.1.82,2,누가,누가
DZES20001132.1.1.82,2,한,한
DZES20001132.1.1.82,2,명이라도,명이라도
DZES20001132.1.1.82,2,차,차
DZES20001132.1.1.82,2,빨리,빨리
DZES20001132.1.1.82,2,생겼으면,생겼으면
DZES20001132.1.1.82,2,좋겠는디,좋겠는데
DZES20001132.1.1.83,1,그,그
DZES20001132.1.1.83,1,그래도,그래도
DZES20001132.1.1.83,1,&name9&이,&name9&이
DZES20001132.1.1.83,1,어머님,어머님
DZES20001132.1.1.83,1,차,차
DZES20001132.1.1.83,1,쓸,쓸
DZES20001132.1.1.83,1,수,수
DZES20001132.1.1.83,1,있을,있을
DZES20001132.1.1.83,1,때는,때는
DZES20001132.1.1.83,1,그래도,그래도
DZES20001132.1.1.83,1,좋았잖아.,좋았잖아.
DZES20001132.1.1.84,2,그니까,그니까
DZES20001132.1.1.84,2,내가,내가
DZES20001132.1.1.84,2,씨발,씨발
DZES20001132.1.1.84,2,괜히,괜히
DZES20001132.1.1.84,2,{laughing},{laughing}
DZES20001132.1.1.84,2,지랄,지랄
DZES20001132.1.1.84,2,해가지고,해가지고
DZES20001132.1.1.84,2,{laughing},{laughing}
DZES20001132.1.1.85,1,아,아
DZES20001132.1.1.86,2,근데,근데
DZES20001132.1.1.86,2,&name9&이네,&name9&이네
DZES20001132.1.1.86,2,엄마차,엄마차
DZES20001132.1.1.86,2,지금도,지금도
DZES20001132.1.1.86,2,어차피,어차피
DZES20001132.1.1.86,2,안돼.,안돼.
DZES20001132.1.1.87,1,뭐가?,뭐가?
DZES20001132.1.1.88,2,너무,너무
DZES20001132.1.1.89,2,늦게,늦게
DZES20001132.1.1.89,2,오셔가지고,오셔가지고
DZES20001132.1.1.89,2,두,두
DZES20001132.1.1.89,2,분다,분다
DZES20001132.1.1.90,1,응,응
DZES20001132.1.1.91,3,나는,나는
DZES20001132.1.1.91,3,나는,나는
DZES20001132.1.1.91,3,다시,다시
DZES20001132.1.1.91,3,오토바이,오토바이
DZES20001132.1.1.91,3,살까,살까
DZES20001132.1.1.91,3,생각중이라,생각중이야
DZES20001132.1.1.92,2,&name9&이,&name9&이
DZES20001132.1.1.92,2,곧,곧
DZES20001132.1.1.92,2,그,그
DZES20001132.1.1.92,2,뭐냐,뭐냐
DZES20001132.1.1.93,2,뭐,뭐
DZES20001132.1.1.93,2,군대,군대
DZES20001132.1.1.93,2,간다,간다
DZES20001132.1.1.93,2,쳐,쳐
DZES20001132.1.1.94,1,응,응
DZES20001132.1.1.95,2,치고,치고
DZES20001132.1.1.96,3,공익이잖아,공익이잖아
DZES20001132.1.1.96,3,근데,근데
DZES20001132.1.1.97,2,응,응
DZES20001132.1.1.98,3,어차피,어차피
DZES20001132.1.1.98,3,걔는,걔는
DZES20001132.1.1.98,3,뭐,뭐
DZES20001132.1.1.98,3,끝나고,끝나고
DZES20001132.1.1.98,3,뭐,뭐
DZES20001132.1.1.98,3,알바하켄,알바하겠다고
DZES20001132.1.1.98,3,하던디,하던데
DZES20001132.1.1.99,2,겅,그렇게
DZES20001132.1.1.99,2,한다,한다
DZES20001132.1.1.99,2,치고,치고
DZES20001132.1.1.99,2,&name6&이,&name6&이
DZES20001132.1.1.100,2,&name6&이,&name6&이
DZES20001132.1.1.100,2,뭐,뭐
DZES20001132.1.1.100,2,이번,이번
DZES20001132.1.1.101,2,뭐,뭐
DZES20001132.1.1.101,2,방학,방학
DZES20001132.1.1.101,2,때나,때나
DZES20001132.1.1.101,2,나,나
DZES20001132.1.1.101,2,엄마,엄마
DZES20001132.1.1.101,2,방학,방학
DZES20001132.1.1.101,2,때나,때나
DZES20001132.1.1.101,2,뭐,뭐
DZES20001132.1.1.101,2,차,차
DZES20001132.1.1.102,2,해보겠다고,해보겠다고
DZES20001132.1.1.102,2,하긴,하긴
DZES20001132.1.1.102,2,하는디,하는데
DZES20001132.1.1.103,2,모르겐,모르겠어
DZES20001132.1.1.103,2,씨발,씨발
DZES20001132.1.1.103,2,진짜,진짜
DZES20001132.1.1.103,2,뭐,뭐
DZES20001132.1.1.103,2,차,차
DZES20001132.1.1.103,2,생길만한,생길만한
DZES20001132.1.1.103,2,애가,애가
DZES20001132.1.1.103,2,언,없어
DZES20001132.1.1.103,2,해봤자,해봤자
DZES20001132.1.1.103,2,&name10&,&name10&
DZES20001132.1.1.104,1,&name10&는,&name10&는
DZES20001132.1.1.104,1,어떵,어떻게
DZES20001132.1.1.104,1,차,차
DZES20001132.1.1.104,1,사는,사는
DZES20001132.1.1.104,1,걸로?,걸로?
DZES20001132.1.1.105,2,아니,아니
DZES20001132.1.1.105,2,아,아
DZES20001132.1.1.105,2,씨,씨
DZES20001132.1.1.106,2,{laughing},{laughing}
DZES20001132.1.1.106,2,&name10&,&name10&
DZES20001132.1.1.106,2,그,그
DZES20001132.1.1.106,2,아빠,아빠
DZES20001132.1.1.107,2,그,그
DZES20001132.1.1.107,2,탈,탈
DZES20001132.1.1.107,2,수도,수도
DZES20001132.1.1.107,2,있다,있다
DZES20001132.1.1.107,2,해,해
DZES20001132.1.1.107,2,가지고,가지고
DZES20001132.1.1.108,2,답이,답이
DZES20001132.1.1.108,2,언,없어
DZES20001132.1.1.108,2,너무,너무
DZES20001132.1.1.108,2,아,아
DZES20001132.1.1.108,2,답이,답이
DZES20001132.1.1.108,2,없다는,없다는
DZES20001132.1.1.108,2,말,말
DZES20001132.1.1.108,2,하면,하면
DZES20001132.1.1.108,2,안되는데,안되는데
DZES20001132.1.1.108,2,씨발,씨발
DZES20001132.1.1.109,2,아,아
DZES20001132.1.1.109,2,그냥,그냥
DZES20001132.1.1.109,2,이,#이
DZES20001132.1.1.110,3,내가,내가
DZES20001132.1.1.110,3,이제,이제
DZES20001132.1.1.110,3,만약에,만약에
DZES20001132.1.1.110,3,오토바이를,오토바이를
DZES20001132.1.1.110,3,살,살
DZES20001132.1.1.110,3,거거든,거거든
DZES20001132.1.1.110,3,아이,아이
DZES20001132.1.1.110,3,쓰리,쓰리
DZES20001132.1.1.110,3,삼백만원,삼백만원
DZES20001132.1.1.111,2,아,아
DZES20001132.1.1.111,2,씨발,씨발
DZES20001132.1.1.111,2,아이쓰리,아이쓰리
DZES20001132.1.1.111,2,내가,내가
DZES20001132.1.1.111,2,살라했는데,살라했는데
DZES20001132.1.1.112,1,땡큐,땡큐
DZES20001132.1.1.113,1,{laughing},{laughing}
DZES20001132.1.1.113,1,너무,너무
DZES20001132.1.1.113,1,늦게,늦게
DZES20001132.1.1.113,1,가져,가져
DZES20001132.1.1.113,1,안,안
DZES20001132.1.1.113,1,내면,내면
DZES20001132.1.1.113,1,진거,진거
DZES20001132.1.1.113,1,가위바위보,가위바위보
DZES20001132.1.1.114,2,{laughing},{laughing}
DZES20001132.1.1.114,2,애매한데,애매한데
DZES20001132.1.1.115,1,아,아
DZES20001132.1.1.116,3,그런,그런
DZES20001132.1.1.116,3,앙증은,앙증은
DZES20001132.1.1.116,3,불쾌해,불쾌해
DZES20001132.1.1.117,2,안돼,안돼
DZES20001132.1.1.117,2,알쓰린,알쓰린
DZES20001132.1.1.117,2,내가,내가
DZES20001132.1.1.117,2,살라,살려고
DZES20001132.1.1.117,2,해신디,했는데
DZES20001132.1.1.118,3,그래서,그래서
DZES20001132.1.1.118,3,알,알
DZES20001132.1.1.118,3,쓰리,쓰리
DZES20001132.1.1.118,3,살꺼,살꺼야
DZES20001132.1.1.119,3,할부가,할부가
DZES20001132.1.1.119,3,삼,삼
DZES20001132.1.1.119,3,오,오
DZES20001132.1.1.119,3,개월에,개월에
DZES20001132.1.1.119,3,이자,이자
DZES20001132.1.1.119,3,무이자거든,무이자거든
DZES20001132.1.1.120,2,얼마?,얼마?
DZES20001132.1.1.121,3,삼백만원,삼백만원
DZES20001132.1.1.121,3,친구여서,친구여서
DZES20001132.1.1.121,3,나,나
DZES20001132.1.1.121,3,여서,여서
DZES20001132.1.1.122,2,육십만원,육십만원
DZES20001132.1.1.122,2,어떻게,어떻게
DZES20001132.1.1.123,1,얘,얘
DZES20001132.1.1.123,1,안버련.,안버렸어.
DZES20001132.1.1.124,3,그래서,그래서
DZES20001132.1.1.124,3,나는,나는
DZES20001132.1.1.125,3,오토바이를,오토바이를
DZES20001132.1.1.125,3,사가지고,사가지고
DZES20001132.1.1.125,3,애들이,애들이
DZES20001132.1.1.126,3,야,야
DZES20001132.1.1.126,3,태워다,태워다
DZES20001132.1.1.126,3,줘,줘
DZES20001132.1.1.126,3,하면,하면
DZES20001132.1.1.126,3,죽여버릴꺼,죽여버릴꺼야
DZES20001132.1.1.126,3,그냥,그냥
DZES20001132.1.1.127,1,엥?,엥?
DZES20001132.1.1.128,3,뭔,뭔
DZES20001132.1.1.128,3,말인지,말인지
DZES20001132.1.1.128,3,알겐?,알겠어?
DZES20001132.1.1.129,2,&name5&인,&name5&인
DZES20001132.1.1.129,2,가능이지,가능이지
DZES20001132.1.1.130,3,어,어
DZES20001132.1.1.130,3,태워다줄께,태워다줄께
DZES20001132.1.1.130,3,해놓고,해놓고
DZES20001132.1.1.130,3,존나,존나
DZES20001132.1.1.130,3,씨발,씨발
DZES20001132.1.1.131,3,죽여버릴거,죽여버릴거야
DZES20001132.1.1.131,3,그냥,그냥
DZES20001132.1.1.131,3,{laughing},{laughing}
DZES20001132.1.1.132,2,근데,근데
DZES20001132.1.1.133,2,육십만원,육십만원
DZES20001132.1.1.133,2,어떵,어떻게
DZES20001132.1.1.133,2,내게?,내게?
DZES20001132.1.1.134,2,(()),(())
DZES20001132.1.1.135,3,그때는,그때는
DZES20001132.1.1.135,3,알바하면서,알바하면서
DZES20001132.1.1.135,3,해야지,해야지
DZES20001132.1.1.136,3,몰라,몰라
DZES20001132.1.1.136,3,거는,그거는
DZES20001132.1.1.137,2,아,아
DZES20001132.1.1.137,2,나도,나도
DZES20001132.1.1.137,2,알,알
DZES20001132.1.1.137,2,쓰리,쓰리
DZES20001132.1.1.137,2,사고,사고
DZES20001132.1.1.137,2,싶다.,싶다.
DZES20001132.1.1.138,1,알,알
DZES20001132.1.1.138,1,쓰리가,쓰리가
DZES20001132.1.1.138,1,뭐?,뭐야?
DZES20001132.1.1.139,3,오토바인데,오토바인데
DZES20001132.1.1.139,3,야,야
DZES20001132.1.1.139,3,&company-name1&의,&company-name1&의
DZES20001132.1.1.140,2,내가,내가
DZES20001132.1.1.140,2,존나,존나
DZES20001132.1.1.140,2,사고,사고
DZES20001132.1.1.140,2,싶어하는,싶어하는
DZES20001132.1.1.140,2,오토바이,오토바이
DZES20001132.1.1.140,2,인.,있어.
DZES20001132.1.1.141,3,그래서,그래서
DZES20001132.1.1.141,3,만약에,만약에
DZES20001132.1.1.141,3,내가,내가
DZES20001132.1.1.141,3,거,거
DZES20001132.1.1.141,3,생기잖아.,생기잖아.
DZES20001132.1.1.142,3,애들이,애들이
DZES20001132.1.1.143,3,야,야
DZES20001132.1.1.143,3,집,집
DZES20001132.1.1.143,3,태워다주라,태워다주라
DZES20001132.1.1.143,3,영하잖아.,이렇게 하잖아.
DZES20001132.1.1.144,3,죽었어,죽었어
DZES20001132.1.1.144,3,그날엔,그날엔
DZES20001132.1.1.144,3,진짜,진짜
DZES20001132.1.1.144,3,반,반
DZES20001132.1.1.144,3,죽는,죽는
DZES20001132.1.1.144,3,날,날
DZES20001132.1.1.145,3,나,나
DZES20001132.1.1.145,3,오토바이,오토바이
DZES20001132.1.1.145,3,실력알지,실력알지
DZES20001132.1.1.145,3,&name5&,&name5&
DZES20001132.1.1.145,3,너,너
DZES20001132.1.1.145,3,내,내
DZES20001132.1.1.145,3,뒤에,뒤에
DZES20001132.1.1.145,3,타고,타고
DZES20001132.1.1.145,3,절대,절대
DZES20001132.1.1.145,3,안,안
DZES20001132.1.1.145,3,탈려고,탈려고
DZES20001132.1.1.145,3,했지,했지
DZES20001132.1.1.145,3,너,너
DZES20001132.1.1.146,2,걸로,걸로
DZES20001132.1.1.146,2,&name6&이만,&name6&이만
DZES20001132.1.1.146,2,데려다,데려다
DZES20001132.1.1.146,2,주라,주라
DZES20001132.1.1.147,3,어,어
DZES20001132.1.1.147,3,내가,내가
DZES20001132.1.1.147,3,죽여버릴꺼,죽여버릴꺼야
DZES20001132.1.1.147,3,&name6&,&name6&
DZES20001132.1.1.147,3,요즘,요즘
DZES20001132.1.1.147,3,꼴뵈기가,꼴뵈기가
DZES20001132.1.1.147,3,싫거든,싫거든
DZES20001132.1.1.147,3,{laughing},{laughing}
DZES20001132.1.1.147,3,맨날,맨날
DZES20001132.1.1.147,3,하는,하는
DZES20001132.1.1.147,3,하는,하는
DZES20001132.1.1.147,3,짓거리,짓거리
DZES20001132.1.1.147,3,보면,보면
DZES20001132.1.1.148,3,나,나
DZES20001132.1.1.148,3,어제,어제
DZES20001132.1.1.148,3,피시방,피시방
DZES20001132.1.1.148,3,갔단,갔단
DZES20001132.1.1.148,3,말이야.,말이야.
DZES20001132.1.1.149,3,피시방,피시방
DZES20001132.1.1.149,3,가가지고,가가지고
DZES20001132.1.1.149,3,헤드셋,헤드셋
DZES20001132.1.1.149,3,끼면서,끼면서
DZES20001132.1.1.149,3,롤을,롤을
DZES20001132.1.1.149,3,하고,하고
DZES20001132.1.1.149,3,있언,있언
DZES20001132.1.1.149,3,같이,같이
DZES20001132.1.1.149,3,근데,근데
DZES20001132.1.1.149,3,헤드셋으로,헤드셋으로
DZES20001132.1.1.150,3,오우,오우
DZES20001132.1.1.150,3,쒯,쒯
DZES20001132.1.1.150,3,막,막
DZES20001132.1.1.150,3,영하면서,이렇게하면서
DZES20001132.1.1.150,3,{laughing},{laughing}
DZES20001132.1.1.150,3,나,나
DZES20001132.1.1.150,3,하지,하지
DZES20001132.1.1.150,3,말라핸.,말라고했어.
DZES20001132.1.1.151,3,아니,아니
DZES20001132.1.1.151,3,지가,지가
DZES20001132.1.1.151,3,죽은,죽은
DZES20001132.1.1.151,3,거를,거를
DZES20001132.1.1.151,3,막,막
DZES20001132.1.1.152,3,짜증,짜증
DZES20001132.1.1.152,3,난다,난다
DZES20001132.1.1.152,3,짜증,짜증
DZES20001132.1.1.152,3,난다,난다
DZES20001132.1.1.152,3,씨발,씨발
DZES20001132.1.1.152,3,씨발,씨발
DZES20001132.1.1.152,3,거리면서,거리면서
DZES20001132.1.1.152,3,겅하니까,그렇게하니까
DZES20001132.1.1.152,3,나가,나가
DZES20001132.1.1.153,3,야,야
DZES20001132.1.1.153,3,&name6&,&name6&
DZES20001132.1.1.153,3,너가,너가
DZES20001132.1.1.153,3,잘못한건데,잘못한건데
DZES20001132.1.1.153,3,너가,너가
DZES20001132.1.1.153,3,짜증내야돼,짜증내야돼
DZES20001132.1.1.153,3,하니까,하니까
DZES20001132.1.1.153,3,아니,아니
DZES20001132.1.1.153,3,그래도,그래도
DZES20001132.1.1.153,3,아,아
DZES20001132.1.1.153,3,씨,씨
DZES20001132.1.1.153,3,짜증난다,짜증난다
DZES20001132.1.1.153,3,이,이
DZES20001132.1.1.153,3,막,막
DZES20001132.1.1.153,3,영하는거,이렇게하는거야
DZES20001132.1.1.154,3,진짜,진짜
DZES20001132.1.1.154,3,내가,내가
DZES20001132.1.1.154,3,오토바이,오토바이
DZES20001132.1.1.154,3,생기는,생기는
DZES20001132.1.1.154,3,날,날
DZES20001132.1.1.154,3,그,그
DZES20001132.1.1.154,3,새끼,새끼
DZES20001132.1.1.154,3,어,어
DZES20001132.1.1.154,3,내가,내가
DZES20001132.1.1.154,3,태워다주크라,태워다줄께
DZES20001132.1.1.154,3,한다음에,한다음에
DZES20001132.1.1.154,3,죽여버릴꺼,죽여버릴거야
DZES20001132.1.1.155,1,여전하구나,여전하구나
DZES20001132.1.1.155,1,&name6&이는,&name6&이는
DZES20001132.1.1.156,3,그냥,그냥
DZES20001132.1.1.156,3,슬립,슬립
DZES20001132.1.1.156,3,할,할
DZES20001132.1.1.156,3,정도,정도
DZES20001132.1.1.156,3,{laughing},{laughing}
DZES20001132.1.1.157,3,그,그
DZES20001132.1.1.157,3,정도로,정도로
DZES20001132.1.1.157,3,그냥,그냥
DZES20001132.1.1.157,3,코너링,코너링
DZES20001132.1.1.157,3,개,개
DZES20001132.1.1.157,3,꺾어가지고,꺾어가지고
DZES20001132.1.1.157,3,내가,내가
DZES20001132.1.1.157,3,보여줄께.,보여줄께.
DZES20001132.1.1.158,2,곧,곧
DZES20001132.1.1.158,2,뉴스에,뉴스에
DZES20001132.1.1.158,2,나오겠다,나오겠다
DZES20001132.1.1.158,2,이,#이
DZES20001132.1.1.159,3,어,어
DZES20001132.1.1.160,1,곧,곧
DZES20001132.1.1.160,1,페북에서,페북에서
DZES20001132.1.1.160,1,보겠노,보겠노
DZES20001132.1.1.160,1,{laughing},{laughing}
DZES20001132.1.1.161,3,내가,내가
DZES20001132.1.1.161,3,보여줄게,보여줄게
DZES20001132.1.1.161,3,그때,그때
DZES20001132.1.1.162,3,나는,나는
DZES20001132.1.1.162,3,살아남을거라,살아남을거야
DZES20001132.1.1.162,3,나는,나는
DZES20001132.1.1.162,3,진짜,진짜
DZES20001132.1.1.162,3,불사조거든,불사조거든
DZES20001132.1.1.163,1,응,응
DZES20001132.1.1.164,3,다,다
DZES20001132.1.1.164,3,그런,그런
DZES20001132.1.1.164,3,소릴,소릴
DZES20001132.1.1.164,3,해,해
DZES20001132.1.1.165,3,난,난
DZES20001132.1.1.165,3,진짜,진짜
DZES20001132.1.1.165,3,불사조,불사조
DZES20001132.1.1.165,3,오토바이,오토바이
DZES20001132.1.1.165,3,사고,사고
DZES20001132.1.1.165,3,몇,몇
DZES20001132.1.1.165,3,번,번
DZES20001132.1.1.165,3,나신디도,났는데도
DZES20001132.1.1.165,3,잘,잘
DZES20001132.1.1.165,3,살아인,살아있어
DZES20001132.1.1.165,3,그리고,그리고
DZES20001132.1.1.165,3,오늘도,오늘도
DZES20001132.1.1.165,3,잘,잘
DZES20001132.1.1.165,3,살아,살아
DZES20001132.1.1.165,3,인.,있어.
DZES20001132.1.1.166,3,난,난
DZES20001132.1.1.166,3,좀,좀
DZES20001132.1.1.166,3,그게,그게
DZES20001132.1.1.166,3,운이,운이
DZES20001132.1.1.166,3,좀,좀
DZES20001132.1.1.166,3,있는거,있는거
DZES20001132.1.1.166,3,닮아.,같아.
DZES20001132.1.1.167,1,응,응
DZES20001132.1.1.168,3,뭔지,뭔지
DZES20001132.1.1.168,3,알겐?,알겠어?
DZES20001132.1.1.169,1,아니,아니
DZES20001132.1.1.169,1,모르겐.,모르겠어.
DZES20001132.1.1.170,3,왜,왜
DZES20001132.1.1.170,3,몰라?,몰라?
DZES20001132.1.1.171,2,아,아
DZES20001132.1.1.171,2,누구,누구
DZES20001132.1.1.171,2,한,한
DZES20001132.1.1.171,2,명,명
DZES20001132.1.1.171,2,차,차
DZES20001132.1.1.171,2,생겼으면,생겼으면
DZES20001132.1.1.171,2,좋겠다,좋겠다
DZES20001132.1.1.171,2,씨발,씨발
DZES20001132.1.1.172,3,내가,내가
DZES20001132.1.1.172,3,봤을,봤을
DZES20001132.1.1.172,3,때,때
DZES20001132.1.1.172,3,일단,일단
DZES20001132.1.1.172,3,&name10&,&name10&
DZES20001132.1.1.172,3,생길,생길
DZES20001132.1.1.172,3,것,것
DZES20001132.1.1.172,3,같고,같고
DZES20001132.1.1.173,3,일단은,일단은
DZES20001132.1.1.173,3,개가,개가
DZES20001132.1.1.173,3,아버지,아버지
DZES20001132.1.1.173,3,차를,차를
DZES20001132.1.1.173,3,가져온다는,가져온다는
DZES20001132.1.1.173,3,것에,것에
DZES20001132.1.1.174,3,그렇게,그렇게
DZES20001132.1.1.174,3,됐잖아.,됐잖아.
DZES20001132.1.1.175,3,뭔가,뭔가
DZES20001132.1.1.175,3,희망이,희망이
DZES20001132.1.1.175,3,생견,생겼어
DZES20001132.1.1.175,3,일단,일단
DZES20001132.1.1.176,3,그다음에,그다음에
DZES20001132.1.1.176,3,생길,생길
DZES20001132.1.1.176,3,애가,애가
DZES20001132.1.1.176,3,이,#이
DZES20001132.1.1.177,3,&name8&는,&name8&는
DZES20001132.1.1.177,3,일단,일단
DZES20001132.1.1.177,3,안,안
DZES20001132.1.1.177,3,생기고,생기고
DZES20001132.1.1.177,3,&name11&는,&name11&는
DZES20001132.1.1.177,3,저녁에만,저녁에만
DZES20001132.1.1.177,3,아빠,아빠
DZES20001132.1.1.177,3,차,차
DZES20001132.1.1.177,3,탈,탈
DZES20001132.1.1.177,3,거고,거고
DZES20001132.1.1.178,1,엥,엥
DZES20001132.1.1.178,1,근데,근데
DZES20001132.1.1.178,1,&name8&,&name8&
DZES20001132.1.1.178,1,면허는,면허는
DZES20001132.1.1.178,1,인?,있어?
DZES20001132.1.1.179,2,몰라,몰라
DZES20001132.1.1.179,2,기억,기억
DZES20001132.1.1.179,2,안나는데,안나는데
DZES20001132.1.1.180,3,다,다
DZES20001132.1.1.180,3,따겠지,따겠지
DZES20001132.1.1.180,3,{laughing},{laughing}
DZES20001132.1.1.181,2,없군,없군
DZES20001132.1.1.181,2,없나,없나
DZES20001132.1.1.181,2,{clearing},{clearing}
DZES20001132.1.1.182,1,너,너
DZES20001132.1.1.183,2,아,아
DZES20001132.1.1.183,2,고맙다,고맙다
DZES20001132.1.1.183,2,이,#이
DZES20001132.1.1.184,3,그래도,그래도
DZES20001132.1.1.184,3,따겠지,따겠지
DZES20001132.1.1.185,3,내가,내가
DZES20001132.1.1.185,3,봤을,봤을
DZES20001132.1.1.185,3,땐,땐
DZES20001132.1.1.185,3,또,또
DZES20001132.1.1.185,3,어실거,없을거
DZES20001132.1.1.185,3,닮아,같아
DZES20001132.1.1.185,3,근데,근데
DZES20001132.1.1.185,3,나는,나는
DZES20001132.1.1.185,3,맨날,맨날
DZES20001132.1.1.185,3,뭐,뭐
DZES20001132.1.1.185,3,계속,계속
DZES20001132.1.1.185,3,아빠,아빠
DZES20001132.1.1.185,3,차로,차로
DZES20001132.1.1.185,3,왔다,왔다
DZES20001132.1.1.185,3,갔다,갔다
DZES20001132.1.1.185,3,하는거고,하는거고
DZES20001132.1.1.186,1,응,응
DZES20001132.1.1.187,3,아빠,아빠
DZES20001132.1.1.187,3,차로,차로
DZES20001132.1.1.187,3,왔다,왔다
DZES20001132.1.1.187,3,갔다,갔다
DZES20001132.1.1.187,3,하는,하는
DZES20001132.1.1.187,3,거고,거고
DZES20001132.1.1.188,2,아니,아니
DZES20001132.1.1.188,2,&name12&이는,&name12&이는
DZES20001132.1.1.188,2,어차피,어차피
DZES20001132.1.1.188,2,그게,그게
DZES20001132.1.1.188,2,없으니까,없으니까
DZES20001132.1.1.189,2,그냥,그냥
DZES20001132.1.1.189,2,데려다,데려다
DZES20001132.1.1.189,2,줄,줄
DZES20001132.1.1.189,2,그게,그게
DZES20001132.1.1.189,2,없으니까,없으니까
DZES20001132.1.1.189,2,일이,일이
DZES20001132.1.1.189,2,없으니까,없으니까
DZES20001132.1.1.190,2,그냥,그냥
DZES20001132.1.1.190,2,끝나면은,끝나면은
DZES20001132.1.1.190,2,바로,바로
DZES20001132.1.1.190,2,집,집
DZES20001132.1.1.190,2,가는,가는
DZES20001132.1.1.190,2,아인데,아인데
DZES20001132.1.1.191,3,근데,근데
DZES20001132.1.1.191,3,그,그
DZES20001132.1.1.191,3,전에,전에
DZES20001132.1.1.191,3,그게,그게
DZES20001132.1.1.191,3,뭔줄,뭔줄
DZES20001132.1.1.191,3,알아,알아
DZES20001132.1.1.191,3,맨나,맨나
DZES20001132.1.1.191,3,내가,내가
DZES20001132.1.1.191,3,데려다준거,데려다준거야
DZES20001132.1.1.191,3,오토바이로,오토바이로
DZES20001132.1.1.192,1,응,응
DZES20001132.1.1.193,3,삼치기하고,삼치기하고
DZES20001132.1.1.193,3,사치기하고,사치기하고
DZES20001132.1.1.194,1,응,응
DZES20001132.1.1.195,3,&name13&,&name13&
DZES20001132.1.1.195,3,데려다주고,데려다주고
DZES20001132.1.1.195,3,&name14&,&name14&
DZES20001132.1.1.195,3,데려다주고,데려다주고
DZES20001132.1.1.196,3,그,그
DZES20001132.1.1.196,3,다음에,다음에
DZES20001132.1.1.196,3,뭐,뭐
DZES20001132.1.1.196,3,일단,일단
DZES20001132.1.1.196,3,&name8&부터,&name8&부터
DZES20001132.1.1.196,3,태워다,태워다
DZES20001132.1.1.196,3,줘,줘
DZES20001132.1.1.197,3,&name8&,&name8&
DZES20001132.1.1.197,3,데려다주고,데려다주고
DZES20001132.1.1.197,3,&name11&,&name11&
DZES20001132.1.1.197,3,데려다주고,데려다주고
DZES20001132.1.1.197,3,&name13&이,&name13&이
DZES20001132.1.1.197,3,&name14&이,&name14&이
DZES20001132.1.1.197,3,데려다,데려다
DZES20001132.1.1.197,3,주고,주고
DZES20001132.1.1.197,3,난,난
DZES20001132.1.1.197,3,그러고,그러고
DZES20001132.1.1.197,3,집가,집가
DZES20001132.1.1.198,1,아,아
DZES20001132.1.1.198,1,오토바이로,오토바이로
DZES20001132.1.1.199,3,그게,그게
DZES20001132.1.1.199,3,존나,존나
DZES20001132.1.1.199,3,힘들었거든,힘들었거든
DZES20001132.1.1.200,1,존나,존나
DZES20001132.1.1.200,1,힘들거,힘들거
DZES20001132.1.1.200,1,닮.,같아.
DZES20001132.1.1.201,3,구라,구라
DZES20001132.1.1.201,3,아니,아니야
DZES20001132.1.1.201,3,존나,존나
DZES20001132.1.1.201,3,힘들었어,힘들었어
DZES20001132.1.1.201,3,그,그
DZES20001132.1.1.201,3,때,때
DZES20001132.1.1.202,2,귀찮지,귀찮지
DZES20001132.1.1.203,3,뭐,뭐
DZES20001132.1.1.203,3,재미있긴핸,재미있긴했어
DZES20001132.1.1.203,3,뭐,뭐
DZES20001132.1.1.203,3,나야,나야
DZES20001132.1.1.203,3,오토바이,오토바이
DZES20001132.1.1.203,3,타는,타는
DZES20001132.1.1.203,3,걸,걸
DZES20001132.1.1.203,3,좋아하니까,좋아하니까
DZES20001132.1.1.203,3,재미있기는,재미있기는
DZES20001132.1.1.203,3,하거든,하거든
DZES20001132.1.1.204,3,근데,근데
DZES20001132.1.1.205,3,어,어
DZES20001132.1.1.205,3,기름비도,기름비도
DZES20001132.1.1.205,3,잘,잘
DZES20001132.1.1.205,3,안,안
DZES20001132.1.1.205,3,주고,주고
DZES20001132.1.1.205,3,그래서,그래서
DZES20001132.1.1.205,3,내가,내가
DZES20001132.1.1.205,3,&name6&이,&name6&이
DZES20001132.1.1.205,3,마음을,마음을
DZES20001132.1.1.205,3,알아요.,알아요.
DZES20001132.1.1.206,1,어떤,어떤
DZES20001132.1.1.207,3,요구하는거,요구하는거
DZES20001132.1.1.208,1,땡큐,땡큐
DZES20001132.1.1.209,3,{laughing},{laughing}
DZES20001132.1.1.209,3,그게,그게
DZES20001132.1.1.209,3,요구가,요구가
DZES20001132.1.1.209,3,될,될
DZES20001132.1.1.209,3,수도,수도
DZES20001132.1.1.209,3,인.,있어.
DZES20001132.1.1.210,3,어,어
DZES20001132.1.1.210,3,내가,내가
DZES20001132.1.1.210,3,너무,너무
DZES20001132.1.1.210,3,부담되니까,부담되니까
DZES20001132.1.1.211,1,응,응
DZES20001132.1.1.212,3,아무,아무
DZES20001132.1.1.212,3,것도,것도
DZES20001132.1.1.212,3,안,안
DZES20001132.1.1.212,3,하면서,하면서
DZES20001132.1.1.213,3,아,아
DZES20001132.1.1.213,3,너,너
DZES20001132.1.1.213,3,차례구나,차례구나
DZES20001132.1.1.214,3,근데,근데
DZES20001132.1.1.214,3,&name5&이도,&name5&이도
DZES20001132.1.1.214,3,이해하긴데,이해하긴데
DZES20001132.1.1.215,1,응,응
DZES20001132.1.1.216,3,&name5&이,&name5&이
DZES20001132.1.1.216,3,마음은,마음은
DZES20001132.1.1.217,3,이해,이해
DZES20001132.1.1.217,3,될,될
DZES20001132.1.1.217,3,수,수
DZES20001132.1.1.217,3,밖에,밖에
DZES20001132.1.1.217,3,없지,없지
DZES20001132.1.1.218,2,그거,그거
DZES20001132.1.1.218,2,알지,알지
DZES20001132.1.1.218,2,괜,괜
DZES20001132.1.1.218,2,괜히,괜히
DZES20001132.1.1.218,2,기름비,기름비
DZES20001132.1.1.218,2,달라고,달라고
DZES20001132.1.1.218,2,못하겠는거,못하겠는거
DZES20001132.1.1.219,3,그치,그치
DZES20001132.1.1.219,3,나는,나는
DZES20001132.1.1.219,3,그,그
DZES20001132.1.1.219,3,마음,마음
DZES20001132.1.1.219,3,알아,알아
DZES20001132.1.1.219,3,괜히,괜히
DZES20001132.1.1.219,3,얘기했다가,얘기했다가
DZES20001132.1.1.219,3,또,또
DZES20001132.1.1.219,3,이제,이제
DZES20001132.1.1.220,3,그런걸로,그런걸로
DZES20001132.1.1.220,3,돈,돈
DZES20001132.1.1.220,3,받냐,받냐
DZES20001132.1.1.220,3,친구찌리,친구찌리
DZES20001132.1.1.220,3,돈,돈
DZES20001132.1.1.220,3,받냐,받냐
DZES20001132.1.1.220,3,이런,이런
DZES20001132.1.1.220,3,소리,소리
DZES20001132.1.1.220,3,무조건,무조건
DZES20001132.1.1.220,3,나오거든,나오거든
DZES20001132.1.1.221,1,뭐기,뭐기
DZES20001132.1.1.221,1,너,너
DZES20001132.1.1.221,1,오토바이,오토바이
DZES20001132.1.1.221,1,때는,때는
DZES20001132.1.1.221,1,왜,왜
DZES20001132.1.1.221,1,기름값,기름값
DZES20001132.1.1.221,1,잘,잘
DZES20001132.1.1.221,1,받았었지,받았었지
DZES20001132.1.1.222,2,그떄는,그떄는
DZES20001132.1.1.222,2,진짜,진짜
DZES20001132.1.1.222,2,돈이,돈이
DZES20001132.1.1.222,2,없었으니까,없었으니까
DZES20001132.1.1.223,1,응,응
DZES20001132.1.1.224,2,아,아
DZES20001132.1.1.224,2,씨발,씨발
DZES20001132.1.1.225,3,&name5&이는,&name5&이는
DZES20001132.1.1.225,3,지금,지금
DZES20001132.1.1.225,3,간절하지가,간절하지가
DZES20001132.1.1.225,3,않잖아,않잖아
DZES20001132.1.1.225,3,돈에,돈에
DZES20001132.1.1.225,3,대해서,대해서
DZES20001132.1.1.226,3,기름,기름
DZES20001132.1.1.226,3,기름비까지,기름비까지
DZES20001132.1.1.226,3,요구할,요구할
DZES20001132.1.1.226,3,그게,그게
DZES20001132.1.1.226,3,아니잖아.,아니잖아.
DZES20001132.1.1.227,1,응,응
DZES20001132.1.1.228,2,근데,근데
DZES20001132.1.1.228,2,거의,거의
DZES20001132.1.1.228,2,일주일에,일주일에
DZES20001132.1.1.228,2,삼만원씩,삼만원씩
DZES20001132.1.1.228,2,쓰거든,쓰거든
DZES20001132.1.1.229,3,애매하긴,애매하긴
DZES20001132.1.1.229,3,해,해
DZES20001132.1.1.229,3,어,어
DZES20001132.1.1.230,1,근데,근데
DZES20001132.1.1.230,1,너,너
DZES20001132.1.1.230,1,지금,지금
DZES20001132.1.1.230,1,일하는,일하는
DZES20001132.1.1.230,1,것도,것도
DZES20001132.1.1.230,1,진짜,진짜
DZES20001132.1.1.230,1,잘,잘
DZES20001132.1.1.230,1,된거,된거
DZES20001132.1.1.230,1,같지,같지
DZES20001132.1.1.230,1,않?,않아?
DZES20001132.1.1.231,2,응,응
DZES20001132.1.1.232,2,아니,아니
DZES20001132.1.1.232,2,진짜,진짜
DZES20001132.1.1.232,2,요즘,요즘
DZES20001132.1.1.232,2,애들,애들
DZES20001132.1.1.232,2,알바,알바
DZES20001132.1.1.232,2,못구해서,못구해서
DZES20001132.1.1.232,2,존나,존나
DZES20001132.1.1.232,2,미쳐하던디?,미쳐하던데?
DZES20001132.1.1.233,1,알바,알바
DZES20001132.1.1.233,1,못,못
DZES20001132.1.1.233,1,구하맨?,구하고있어?
DZES20001132.1.1.234,2,응,응
DZES20001132.1.1.234,2,알바가,알바가
DZES20001132.1.1.234,2,없댄.,없대.
DZES20001132.1.1.235,2,근데,근데
DZES20001132.1.1.235,2,나는,나는
DZES20001132.1.1.236,1,어,어
DZES20001132.1.1.237,2,어떻게든,어떻게든
DZES20001132.1.1.237,2,꼭,꼭
DZES20001132.1.1.237,2,살아남던디,살아남던데
DZES20001132.1.1.237,2,막판에,막판에
DZES20001132.1.1.238,1,평일,평일
DZES20001132.1.1.238,1,주말,주말
DZES20001132.1.1.238,1,따져?,따져?
DZES20001132.1.1.239,2,나?,나?
DZES20001132.1.1.240,1,걔네,걔네
DZES20001132.1.1.241,2,몰라,몰라
DZES20001132.1.1.242,1,야,야
DZES20001132.1.1.242,1,잠깐만,잠깐만
DZES20001132.1.1.242,1,너,너
DZES20001132.1.1.242,1,이거,이거
DZES20001132.1.1.242,1,안돼,안돼
DZES20001132.1.1.242,1,등록해,등록해
DZES20001132.1.1.242,1,할,할
DZES20001132.1.1.242,1,수,수
DZES20001132.1.1.242,1,인.,있어.
DZES20001132.1.1.243,2,오호,오호
DZES20001132.1.1.244,3,아,아
DZES20001132.1.1.244,3,맞네,맞네
DZES20001132.1.1.244,3,아,아
DZES20001132.1.1.244,3,미안,미안
DZES20001132.1.1.244,3,까먹었어.,까먹었어.
DZES20001132.1.1.245,1,아,아
DZES20001132.1.1.245,1,알바가,알바가
DZES20001132.1.1.245,1,그렇게,그렇게
DZES20001132.1.1.245,1,없다고?,없다고?
DZES20001132.1.1.246,2,그래,그래
DZES20001132.1.1.246,2,나,나
DZES20001132.1.1.246,2,주유소,주유소
DZES20001132.1.1.246,2,안,안
DZES20001132.1.1.246,2,했어도,했어도
DZES20001132.1.1.247,1,응,응
DZES20001132.1.1.248,2,주유소,주유소
DZES20001132.1.1.248,2,안,안
DZES20001132.1.1.248,2,했어도,했어도
DZES20001132.1.1.249,2,그,그
DZES20001132.1.1.249,2,헬스장에서,헬스장에서
DZES20001132.1.1.249,2,했을 삘,했을것 같은 느낌
DZES20001132.1.1.250,2,헬스장에서도,헬스장에서도
DZES20001132.1.1.250,2,연락,연락
DZES20001132.1.1.250,2,왔언.,왔었어.
DZES20001132.1.1.251,1,근데,근데
DZES20001132.1.1.251,1,평일,평일
DZES20001132.1.1.251,1,주말,주말
DZES20001132.1.1.251,1,따지는,따지는
DZES20001132.1.1.251,1,것도,것도
DZES20001132.1.1.251,1,아닌데,아닌데
DZES20001132.1.1.251,1,왜,왜
DZES20001132.1.1.251,1,알바를,알바를
DZES20001132.1.1.251,1,못,못
DZES20001132.1.1.251,1,구하지?,구하지?
DZES20001132.1.1.252,3,아,아
DZES20001132.1.1.252,3,뭐,뭐
DZES20001132.1.1.253,3,급하니까,급하니까
DZES20001132.1.1.254,2,아니,아니
DZES20001132.1.1.254,2,진짜,진짜
DZES20001132.1.1.254,2,요즘,요즘
DZES20001132.1.1.254,2,알바가,알바가
DZES20001132.1.1.254,2,없긴,없긴
DZES20001132.1.1.254,2,해.,해.
DZES20001132.1.1.255,3,알바도,알바도
DZES20001132.1.1.255,3,없고,없고
DZES20001132.1.1.256,2,나도,나도
DZES20001132.1.1.256,2,못,못
DZES20001132.1.1.256,2,구했네.,구했잖아.
DZES20001132.1.1.257,2,주유소도,주유소도
DZES20001132.1.1.257,2,&name15&이,&name15&이
DZES20001132.1.1.257,2,때문에,때문에
DZES20001132.1.1.257,2,한거고,한거고
DZES20001132.1.1.258,1,너는,너는
DZES20001132.1.1.258,1,그거,그거
DZES20001132.1.1.258,1,주말로만,주말로만
DZES20001132.1.1.258,1,하는거,하는거
DZES20001132.1.1.258,1,때문에,때문에
DZES20001132.1.1.258,1,더,더
DZES20001132.1.1.258,1,못,못
DZES20001132.1.1.258,1,구했던거였고,구했던거였고
DZES20001132.1.1.258,1,주,주
DZES20001132.1.1.258,1,아,아
DZES20001132.1.1.258,1,주말,주말
DZES20001132.1.1.259,2,아,아
DZES20001132.1.1.259,2,주말에,주말에
DZES20001132.1.1.259,2,없는걸로,없는걸로
DZES20001132.1.1.260,1,어,어
DZES20001132.1.1.260,1,주말,주말
DZES20001132.1.1.260,1,없는걸로,없는걸로
DZES20001132.1.1.261,2,맞아,맞아
DZES20001132.1.1.261,2,이,#이
DZES20001132.1.1.262,1,여기,여기
DZES20001132.1.1.262,1,있었네.,있었잖아.
DZES20001132.1.1.263,2,근데,근데
DZES20001132.1.1.263,2,난,난
DZES20001132.1.1.263,2,주말에,주말에
DZES20001132.1.1.263,2,하기,하기
DZES20001132.1.1.263,2,싫어.,싫어.
DZES20001132.1.1.264,1,왜?,왜?
DZES20001132.1.1.265,2,응,응
DZES20001132.1.1.265,2,주말에,주말에
DZES20001132.1.1.265,2,하면은,하면은
DZES20001132.1.1.266,1,돈은,돈은
DZES20001132.1.1.266,1,안,안
DZES20001132.1.1.266,1,벌리니까,벌리니까
DZES20001132.1.1.267,2,어,어
DZES20001132.1.1.268,3,근데,근데
DZES20001132.1.1.268,3,그,그
DZES20001132.1.1.268,3,마인드도,마인드도
DZES20001132.1.1.268,3,인,있어
DZES20001132.1.1.268,3,주말엔,주말엔
DZES20001132.1.1.268,3,뭔가,뭔가
DZES20001132.1.1.268,3,놀고,놀고
DZES20001132.1.1.268,3,싶어.,싶어.
DZES20001132.1.1.269,2,난,난
DZES20001132.1.1.269,2,진짜,진짜
DZES20001132.1.1.269,2,백,백
DZES20001132.1.1.269,2,이상은,이상은
DZES20001132.1.1.269,2,벌어야,벌어야
DZES20001132.1.1.269,2,돼,돼
DZES20001132.1.1.269,2,그리고,그리고
DZES20001132.1.1.270,2,그래야,그래야
DZES20001132.1.1.270,2,마음이,마음이
DZES20001132.1.1.270,2,편해야,편해야
DZES20001132.1.1.270,2,내가,내가
DZES20001132.1.1.270,2,쓰는,쓰는
DZES20001132.1.1.270,2,게,게
DZES20001132.1.1.270,2,있으니깐,있으니깐
DZES20001132.1.1.271,3,그렇지,그렇지
DZES20001132.1.1.271,3,나도,나도
DZES20001132.1.1.271,3,항상,항상
DZES20001132.1.1.271,3,통장에,통장에
DZES20001132.1.1.271,3,돈이,돈이
DZES20001132.1.1.271,3,있어야,있어야
DZES20001132.1.1.271,3,돼,돼
DZES20001132.1.1.272,3,그,그
DZES20001132.1.1.272,3,십만원이상,십만원이상
DZES20001132.1.1.273,2,나,나
DZES20001132.1.1.273,2,존나,존나
DZES20001132.1.1.273,2,사치부리는거,사치부리는거
DZES20001132.1.1.273,2,알지?,알지?
DZES20001132.1.1.274,1,응,응
DZES20001132.1.1.275,2,그것,그것
DZES20001132.1.1.275,2,때문에,때문에
DZES20001132.1.1.275,2,진짜,진짜
DZES20001132.1.1.275,2,백,백
DZES20001132.1.1.275,2,이상은,이상은
DZES20001132.1.1.275,2,있어야,있어야
DZES20001132.1.1.275,2,된다니까,된다니까
DZES20001132.1.1.276,1,너,너
DZES20001132.1.1.276,1,사치부리는걸,사치부리는걸
DZES20001132.1.1.276,1,좀,좀
DZES20001132.1.1.276,1,바,바
DZES20001132.1.1.276,1,고쳐.,고쳐.
DZES20001132.1.1.277,2,나,나
DZES20001132.1.1.277,2,사치,사치
DZES20001132.1.1.277,2,부리는거,부리는거
DZES20001132.1.1.277,2,뭐,뭐
DZES20001132.1.1.277,2,별로,별로
DZES20001132.1.1.277,2,없긴,없긴
DZES20001132.1.1.277,2,없는데,없는데
DZES20001132.1.1.277,2,이,이
DZES20001132.1.1.277,2,뭔가,뭔가
DZES20001132.1.1.277,2,그냥,그냥
DZES20001132.1.1.277,2,많이,많이
DZES20001132.1.1.277,2,쓰게,쓰게
DZES20001132.1.1.277,2,돼.,돼.
DZES20001132.1.1.278,2,그래서,그래서
DZES20001132.1.1.278,2,일단,일단
DZES20001132.1.1.278,2,두,두
DZES20001132.1.1.278,2,달,달
DZES20001132.1.1.278,2,동안은,동안은
DZES20001132.1.1.278,2,그냥,그냥
DZES20001132.1.1.278,2,돈,돈
DZES20001132.1.1.278,2,안,안
DZES20001132.1.1.278,2,쓰면서,쓰면서
DZES20001132.1.1.278,2,살꺼.,살꺼야.
DZES20001132.1.1.279,1,응,응
DZES20001132.1.1.280,2,나우다,나에요
DZES20001132.1.1.280,2,{laughing},{laughing}
DZES20001132.1.1.281,1,나우다.,나에요.
DZES20001132.1.1.282,3,너,너
DZES20001132.1.1.282,3,어디있는데?,어디있는데?
DZES20001132.1.1.283,1,두,두
DZES20001132.1.1.283,1,달,달
DZES20001132.1.1.283,1,동안,동안
DZES20001132.1.1.283,1,연애도,연애도
DZES20001132.1.1.283,1,안하고,안하고
DZES20001132.1.1.284,2,응,응
DZES20001132.1.1.284,2,연애,연애
DZES20001132.1.1.284,2,안하고,안하고
DZES20001132.1.1.284,2,나,나
DZES20001132.1.1.284,2,빚,빚
DZES20001132.1.1.284,2,다,다
DZES20001132.1.1.284,2,갚을,갚을
DZES20001132.1.1.284,2,때까지는,때까지는
DZES20001132.1.1.284,2,그냥,그냥
DZES20001132.1.1.285,3,얘는,얘는
DZES20001132.1.1.286,3,살짝,살짝
DZES20001132.1.1.287,3,그거,그거
DZES20001132.1.1.287,3,닮은디?,같은데?
DZES20001132.1.1.288,1,뭐?,뭐?
DZES20001132.1.1.289,3,(()),(())
DZES20001132.1.1.289,3,이,#이
DZES20001132.1.1.290,1,너네들,너네들
DZES20001132.1.1.290,1,다,다
DZES20001132.1.1.290,1,이신거,있는거
DZES20001132.1.1.290,1,닮아,같아
DZES20001132.1.1.290,1,아,아
DZES20001132.1.1.290,1,나,나
DZES20001132.1.1.290,1,뭐,뭐
DZES20001132.1.1.290,1,하맨?,하는거야?
DZES20001132.1.1.291,3,혹시,혹시
DZES20001132.1.1.291,3,몰라.,몰라.
DZES20001132.1.1.292,2,아,아
DZES20001132.1.1.292,2,(()),(())
DZES20001132.1.1.292,2,안나냐,안나냐
DZES20001132.1.1.293,1,진짜,진짜
DZES20001132.1.1.293,1,너네한테,너네한테
DZES20001132.1.1.293,1,이신거,있는거
DZES20001132.1.1.293,1,닮은디,같은데
DZES20001132.1.1.294,3,거난,그러니까
DZES20001132.1.1.295,1,버립써.,버리세요.
DZES20001132.1.1.296,1,아,아
DZES20001132.1.1.297,2,가위바이보,가위바이보
DZES20001132.1.1.297,2,진,진
DZES20001132.1.1.297,2,사람이,사람이
DZES20001132.1.1.297,2,먼저,먼저
DZES20001132.1.1.297,2,버리기,버리기
DZES20001132.1.1.297,2,하기,하기
DZES20001132.1.1.298,2,어때?,어때?
DZES20001132.1.1.299,1,버립써,버리세요
DZES20001132.1.1.299,1,아,아
DZES20001132.1.1.300,2,가위바위보,가위바위보
DZES20001132.1.1.300,2,해서,해서
DZES20001132.1.1.300,2,진,진
DZES20001132.1.1.300,2,사람,사람
DZES20001132.1.1.300,2,버리기,버리기
DZES20001132.1.1.300,2,하게.,하자.
DZES20001132.1.1.301,1,아,아
DZES20001132.1.1.301,1,진짜,진짜
DZES20001132.1.1.301,1,환장하겠네.,환장하겠네.
DZES20001132.1.1.302,2,밑장,밑장
DZES20001132.1.1.302,2,빼젠,빼려고
DZES20001132.1.1.302,2,하지,하지
DZES20001132.1.1.302,2,말고,말고
DZES20001132.1.1.303,3,짜증나게,짜증나게
DZES20001132.1.1.303,3,하지,하지
DZES20001132.1.1.303,3,말라,마라
DZES20001132.1.1.303,3,이,#이
DZES20001132.1.1.304,1,아,아
DZES20001132.1.1.305,2,그냥,그냥
DZES20001132.1.1.305,2,버려,버려
DZES20001132.1.1.305,2,나,나
DZES20001132.1.1.305,2,살린다,살린다
DZES20001132.1.1.305,2,치고,치고
DZES20001132.1.1.305,2,땡큐,땡큐
DZES20001132.1.1.306,1,와,와
DZES20001132.1.1.306,1,{laughing},{laughing}
DZES20001132.1.1.307,1,이,이
DZES20001132.1.1.307,1,새끼였구나,새끼였구나
DZES20001132.1.1.308,1,이,이
DZES20001132.1.1.308,1,새끼였구나,새끼였구나
DZES20001132.1.1.309,2,왜,왜
DZES20001132.1.1.309,2,{laughing},{laughing}
DZES20001132.1.1.310,1,이,이
DZES20001132.1.1.310,1,새끼였구나.,새끼였구나.
DZES20001132.1.1.311,2,클로버,클로버
DZES20001132.1.1.311,2,삼이,삼이
DZES20001132.1.1.311,2,필요했나,필요했나
DZES20001132.1.1.312,2,아니면,아니면
DZES20001132.1.1.313,1,와,와
DZES20001132.1.1.313,1,진짜,진짜
DZES20001132.1.1.313,1,아아,아아
DZES20001132.1.1.313,1,{laughing},{laughing}
DZES20001132.1.1.314,2,아,아
DZES20001132.1.1.314,2,살려줘,살려줘
DZES20001132.1.1.315,1,이,이
DZES20001132.1.1.315,1,새끼였구나,새끼였구나
DZES20001132.1.1.316,3,어,어
DZES20001132.1.1.316,3,때되면,때되면
DZES20001132.1.1.316,3,등록할,등록할
DZES20001132.1.1.316,3,때도,때도
DZES20001132.1.1.316,3,있어야,있어야
DZES20001132.1.1.316,3,되는,되는
DZES20001132.1.1.316,3,법이야,법이야
DZES20001132.1.1.316,3,그렇게,그렇게
DZES20001132.1.1.316,3,아끼다가,아끼다가
DZES20001132.1.1.316,3,좆되는,좆되는
DZES20001132.1.1.316,3,수가,수가
DZES20001132.1.1.316,3,있어.,있어.
DZES20001132.1.1.317,1,아니,아니
DZES20001132.1.1.317,1,나,나
DZES20001132.1.1.317,1,삼만,삼만
DZES20001132.1.1.317,1,필요했언.,필요했었어.
DZES20001132.1.1.318,1,초반부터,초반부터
DZES20001132.1.1.319,1,너,너
DZES20001132.1.1.319,1,삼,삼
DZES20001132.1.1.319,1,언제부터,언제부터
DZES20001132.1.1.319,1,먹였어.,먹였어.
DZES20001132.1.1.320,2,나,나
DZES20001132.1.1.320,2,삼,삼
DZES20001132.1.1.320,2,계속,계속
DZES20001132.1.1.320,2,먹였지,먹였지
DZES20001132.1.1.320,2,나도,나도
DZES20001132.1.1.321,1,초반부터,초반부터
DZES20001132.1.1.322,2,응,응
DZES20001132.1.1.322,2,응,응
DZES20001132.1.1.323,1,와,와
DZES20001132.1.1.324,1,그냥,그냥
DZES20001132.1.1.324,1,우리,우리
DZES20001132.1.1.324,1,둘,둘
DZES20001132.1.1.324,1,둘,둘
DZES20001132.1.1.324,1,갖고,갖고
DZES20001132.1.1.324,1,있던,있던
DZES20001132.1.1.324,1,거네.,거네.
DZES20001132.1.1.325,3,응,응
DZES20001132.1.1.325,3,그랬던거,그랬던거
DZES20001132.1.1.325,3,닮.,같아.
DZES20001132.1.1.326,1,아,아
DZES20001132.1.1.326,1,진짜,진짜
DZES20001132.1.1.326,1,킹,킹
DZES20001132.1.1.326,1,받게,받게
DZES20001132.1.1.326,1,한다,한다
DZES20001132.1.1.326,1,이,#이
DZES20001132.1.1.327,2,내가,내가
DZES20001132.1.1.327,2,킹,킹
DZES20001132.1.1.327,2,받는거지,받는거지
DZES20001132.1.1.328,1,내가,내가
DZES20001132.1.1.328,1,킹,킹
DZES20001132.1.1.328,1,받는거지,받는거지
DZES20001132.1.1.328,1,나,나
DZES20001132.1.1.328,1,패,패
DZES20001132.1.1.328,1,좋았는데,좋았는데
DZES20001132.1.1.329,2,나도,나도
DZES20001132.1.1.329,2,패,패
DZES20001132.1.1.329,2,좋안.,좋았어.
DZES20001132.1.1.330,3,나,나
DZES20001132.1.1.330,3,며칠,며칠
DZES20001132.1.1.330,3,전부터,전부터
DZES20001132.1.1.330,3,밭일,밭일
DZES20001132.1.1.330,3,했네.,했잖아.
DZES20001132.1.1.331,3,눈,눈
DZES20001132.1.1.331,3,맞고,맞고
DZES20001132.1.1.331,3,비,비
DZES20001132.1.1.331,3,맞고,맞고
DZES20001132.1.1.331,3,바람,바람
DZES20001132.1.1.331,3,맞고,맞고
DZES20001132.1.1.332,2,아니,아니
DZES20001132.1.1.332,2,뭐,뭐
DZES20001132.1.1.332,2,지금,지금
DZES20001132.1.1.332,2,뭐,뭐
DZES20001132.1.1.332,2,하맨?,하고있어?
DZES20001132.1.1.333,3,농약치고,농약치고
DZES20001132.1.1.334,2,어디?,어디?
DZES20001132.1.1.335,3,제초제를,제초제를
DZES20001132.1.1.335,3,뿌리고,뿌리고
DZES20001132.1.1.336,2,어디?,어디?
DZES20001132.1.1.337,3,밭디,밭에
DZES20001132.1.1.337,3,우리,우리
DZES20001132.1.1.337,3,밭디,밭에
DZES20001132.1.1.338,2,뭔,뭔
DZES20001132.1.1.338,2,밭?,밭?
DZES20001132.1.1.339,3,감귤,감귤
DZES20001132.1.1.339,3,밭,밭
DZES20001132.1.1.340,2,아,아
DZES20001132.1.1.340,2,감귤밭,감귤밭
DZES20001132.1.1.341,2,지금,지금
DZES20001132.1.1.341,2,딸때,딸때
DZES20001132.1.1.341,2,아니?,아니야?
DZES20001132.1.1.342,3,아니지,아니지
DZES20001132.1.1.343,2,다,다
DZES20001132.1.1.343,2,따신,따신
DZES20001132.1.1.343,2,다,다
DZES20001132.1.1.343,2,딸,딸
DZES20001132.1.1.343,2,땐가?,땐가?
DZES20001132.1.1.344,3,우리는,우리는
DZES20001132.1.1.344,3,딸,딸
DZES20001132.1.1.344,3,거,거
DZES20001132.1.1.344,3,다,다
DZES20001132.1.1.344,3,땄고,땄고
DZES20001132.1.1.344,3,한라봉이랑,한라봉이랑
DZES20001132.1.1.344,3,레드향은,레드향은
DZES20001132.1.1.344,3,나,나
DZES20001132.1.1.344,3,남았어.,남았어.
DZES20001132.1.1.345,1,어,어
DZES20001132.1.1.345,1,먹고,먹고
DZES20001132.1.1.345,1,싶다.,싶다.
DZES20001132.1.1.346,3,근데,근데
DZES20001132.1.1.347,3,그,그
DZES20001132.1.1.347,3,전에,전에
DZES20001132.1.1.347,3,준비할게,준비할게
DZES20001132.1.1.347,3,많아.,많아.
DZES20001132.1.1.348,2,아니,아니
DZES20001132.1.1.348,2,귤,귤
DZES20001132.1.1.348,2,땄는데,땄는데
DZES20001132.1.1.348,2,우리,우리
DZES20001132.1.1.348,2,한번,한번
DZES20001132.1.1.348,2,안,안
DZES20001132.1.1.348,2,줬다고?,줬다고?
DZES20001132.1.1.349,1,그니까,그니까
DZES20001132.1.1.350,3,그거,그거
DZES20001132.1.1.350,3,다,다
DZES20001132.1.1.350,3,상품으로,상품으로
DZES20001132.1.1.350,3,보냈는데,보냈는데
DZES20001132.1.1.350,3,그럼,그럼
DZES20001132.1.1.350,3,내가,내가
DZES20001132.1.1.350,3,어떻게,어떻게
DZES20001132.1.1.351,2,아니,아니
DZES20001132.1.1.351,2,파치,파치
DZES20001132.1.1.351,2,있을거,있을거
DZES20001132.1.1.351,2,아니?,아니야?
DZES20001132.1.1.352,3,파치는,파치는
DZES20001132.1.1.353,3,나,나
DZES20001132.1.1.353,3,가져가캔,가져가겠다고
DZES20001132.1.1.353,3,해신디,했는거
DZES20001132.1.1.353,3,이거,이거
DZES20001132.1.1.353,3,뭣하래,뭐하려고
DZES20001132.1.1.353,3,가져가나,가져가니
DZES20001132.1.1.353,3,하면서,하면서
DZES20001132.1.1.354,3,다,다
DZES20001132.1.1.354,3,버렸는데?,버렸는데?
DZES20001132.1.1.355,2,엥?,엥?
DZES20001132.1.1.356,1,왜?,왜?
DZES20001132.1.1.357,2,파치,파치
DZES20001132.1.1.357,2,우린,우린
DZES20001132.1.1.357,2,무조건,무조건
DZES20001132.1.1.357,2,상품,상품
DZES20001132.1.1.357,2,팔고,팔고
DZES20001132.1.1.357,2,파치,파치
DZES20001132.1.1.357,2,우리가,우리가
DZES20001132.1.1.357,2,먹는디,먹는데
DZES20001132.1.1.358,3,그니까,그니까
DZES20001132.1.1.358,3,파치도,파치도
DZES20001132.1.1.359,3,내가,내가
DZES20001132.1.1.359,3,이제,이제
DZES20001132.1.1.359,3,우리,우리
DZES20001132.1.1.359,3,집이,집이
DZES20001132.1.1.359,3,먹는,먹는
DZES20001132.1.1.359,3,거면,거면
DZES20001132.1.1.359,3,상관없거든,상관없거든
DZES20001132.1.1.360,1,응,응
DZES20001132.1.1.361,3,집이,집이
DZES20001132.1.1.361,3,먹는건,먹는건
DZES20001132.1.1.361,3,상관이없는데,상관이없는데
DZES20001132.1.1.361,3,놈한테,남한테
DZES20001132.1.1.361,3,주는,주는
DZES20001132.1.1.361,3,걸,걸
DZES20001132.1.1.361,3,아빠는,아빠는
DZES20001132.1.1.361,3,싫어해.,싫어해.
DZES20001132.1.1.362,1,응,응
DZES20001132.1.1.363,3,그,그
DZES20001132.1.1.363,3,못생긴걸,못생긴걸
DZES20001132.1.1.364,3,근데,근데
DZES20001132.1.1.364,3,맛은,맛은
DZES20001132.1.1.364,3,있언.,있었어.
DZES20001132.1.1.365,3,맛은,맛은
DZES20001132.1.1.365,3,있었는데,있었는데
DZES20001132.1.1.365,3,못생긴걸,못생긴걸
DZES20001132.1.1.365,3,주기가,주기가
DZES20001132.1.1.365,3,좀,좀
DZES20001132.1.1.365,3,미안해,미안해
DZES20001132.1.1.365,3,가지고,가지고
DZES20001132.1.1.365,3,아빠가,아빠가
DZES20001132.1.1.365,3,그런게,그런게
DZES20001132.1.1.365,3,있언.,있었어.
DZES20001132.1.1.366,3,그래서,그래서
DZES20001132.1.1.366,3,주지,주지
DZES20001132.1.1.366,3,말랜,말래
DZES20001132.1.1.366,3,그,그
DZES20001132.1.1.366,3,가져강,가져가서
DZES20001132.1.1.366,3,먹을게,먹을게
DZES20001132.1.1.366,3,친구한테,친구한테
DZES20001132.1.1.366,3,나눠줄게,나눠줄게
DZES20001132.1.1.366,3,해도,해도
DZES20001132.1.1.367,3,아,아
DZES20001132.1.1.367,3,이걸,이걸
DZES20001132.1.1.367,3,뭣하래,뭐하러
DZES20001132.1.1.367,3,주나,주니
DZES20001132.1.1.367,3,하면서,하면서
DZES20001132.1.1.368,1,헐,헐
DZES20001132.1.1.369,2,난,난
DZES20001132.1.1.369,2,예,예
DZES20001132.1.1.369,2,우리,우리
DZES20001132.1.1.369,2,아,아
DZES20001132.1.1.369,2,진짜,진짜
DZES20001132.1.1.369,2,나,나
DZES20001132.1.1.369,2,우리,우리
DZES20001132.1.1.369,2,그,그
DZES20001132.1.1.369,2,귤,귤
DZES20001132.1.1.369,2,계속,계속
DZES20001132.1.1.369,2,했을,했을
DZES20001132.1.1.369,2,때가,때가
DZES20001132.1.1.369,2,좋았는데,좋았는데
DZES20001132.1.1.370,3,그래서,그래서
DZES20001132.1.1.370,3,말했거든,말했거든
DZES20001132.1.1.371,3,친구,친구
DZES20001132.1.1.371,3,상관없댄 하맨,상관없다고 했어
DZES20001132.1.1.371,3,영해도,이렇게해도
DZES20001132.1.1.371,3,아,아
DZES20001132.1.1.371,3,됐져,됐어
DZES20001132.1.1.371,3,됐져,됐어
DZES20001132.1.1.371,3,하지,하지
DZES20001132.1.1.371,3,말라,마라
DZES20001132.1.1.371,3,영하멍,이렇게 하면서
DZES20001132.1.1.372,1,헐,헐
DZES20001132.1.1.373,2,아니,아니
DZES20001132.1.1.373,2,우리,우리
DZES20001132.1.1.373,2,맨날,맨날
DZES20001132.1.1.373,2,겨울에,겨울에
DZES20001132.1.1.374,1,응,응
DZES20001132.1.1.375,2,우리,우리
DZES20001132.1.1.375,2,집,집
DZES20001132.1.1.375,2,귤,귤
DZES20001132.1.1.375,2,먹었었네.,먹었었잖아.
DZES20001132.1.1.376,1,나?,나?
DZES20001132.1.1.377,2,어,어
DZES20001132.1.1.377,2,다,다
DZES20001132.1.1.377,2,먹었었거든,먹었었거든
DZES20001132.1.1.377,2,{laughing},{laughing}
DZES20001132.1.1.378,2,요즘,요즘
DZES20001132.1.1.378,2,귤을,귤을
DZES20001132.1.1.378,2,못,못
DZES20001132.1.1.378,2,먹어.,먹어.
DZES20001132.1.1.379,1,언년이랑,언년이랑
DZES20001132.1.1.379,1,헷갈려하는거?,헷갈려하는거야?
DZES20001132.1.1.380,2,귤을,귤을
DZES20001132.1.1.380,2,못먹는다고,못먹는다고
DZES20001132.1.1.380,2,씨발년아.,씨발년아.
DZES20001132.1.1.381,3,와,와
DZES20001132.1.1.381,3,이번에,이번에
DZES20001132.1.1.381,3,비올,비올
DZES20001132.1.1.381,3,때도,때도
DZES20001132.1.1.381,3,이,#이
DZES20001132.1.1.381,3,비,비
DZES20001132.1.1.381,3,맞으멍,맞으면서
DZES20001132.1.1.381,3,일,일
DZES20001132.1.1.381,3,해신디,했는데
DZES20001132.1.1.382,3,은근히,은근히
DZES20001132.1.1.382,3,기분이,기분이
DZES20001132.1.1.382,3,좋더라,좋더라
DZES20001132.1.1.383,1,어?,어?
DZES20001132.1.1.384,2,왜,왜
DZES20001132.1.1.384,2,살짝,살짝
DZES20001132.1.1.384,2,비,비
DZES20001132.1.1.384,2,맞으면서,맞으면서
DZES20001132.1.1.384,2,축구하는,축구하는
DZES20001132.1.1.384,2,기분?,기분?
DZES20001132.1.1.385,3,어,어
DZES20001132.1.1.385,3,그,그
DZES20001132.1.1.385,3,느낌,느낌
DZES20001132.1.1.385,3,조금,조금
DZES20001132.1.1.385,3,난.,났어.
DZES20001132.1.1.386,3,기분이,기분이
DZES20001132.1.1.386,3,안,안
DZES20001132.1.1.386,3,나빠.,나빠.
DZES20001132.1.1.387,3,존나,존나
DZES20001132.1.1.387,3,좋안.,좋았어.
DZES20001132.1.1.388,1,나도,나도
DZES20001132.1.1.388,1,나,나
DZES20001132.1.1.388,1,밭일을,밭일을
DZES20001132.1.1.388,1,해,해
DZES20001132.1.1.388,1,본적이,본적이
DZES20001132.1.1.388,1,한번도,한번도
DZES20001132.1.1.388,1,어서,없어
DZES20001132.1.1.388,1,아,아
DZES20001132.1.1.388,1,이거,이거
DZES20001132.1.1.388,1,양심,양심
DZES20001132.1.1.388,1,가위,가위
DZES20001132.1.1.388,1,바위,바위
DZES20001132.1.1.388,1,보,보
DZES20001132.1.1.389,2,가져,가져
DZES20001132.1.1.390,1,어,어
DZES20001132.1.1.390,1,가질게,가질게
DZES20001132.1.1.390,1,너,너
DZES20001132.1.1.390,1,잘못했지,잘못했지
DZES20001132.1.1.391,1,{laughing},{laughing}
DZES20001132.1.1.391,1,개,개
DZES20001132.1.1.391,1,양아치,양아치
DZES20001132.1.1.391,1,아니,아니야
DZES20001132.1.1.391,1,진짜?,진짜?
DZES20001132.1.1.392,1,너,너
DZES20001132.1.1.392,1,웃는,웃는
DZES20001132.1.1.392,1,거,거
DZES20001132.1.1.392,1,왜,왜
DZES20001132.1.1.392,1,이렇게,이렇게
DZES20001132.1.1.392,1,재수없냐,재수없냐
DZES20001132.1.1.392,1,뭔가?,뭔가?
DZES20001132.1.1.393,3,나는,나는
DZES20001132.1.1.393,3,끝난.,끝났어.
DZES20001132.1.1.394,3,아,아
DZES20001132.1.1.394,3,다,다
DZES20001132.1.1.394,3,됐져,됐어
DZES20001132.1.1.394,3,나,나
DZES20001132.1.1.395,1,끝난거,끝난거
DZES20001132.1.1.395,1,맞아?,맞아?
DZES20001132.1.1.396,2,응,응
DZES20001132.1.1.397,1,그걸,그걸
DZES20001132.1.1.397,1,어떻게,어떻게
DZES20001132.1.1.397,1,알아?,알아?
DZES20001132.1.1.398,2,끝났다.,끝났다.
DZES20001132.1.1.399,1,왜,왜
DZES20001132.1.1.399,1,맨날,맨날
DZES20001132.1.1.399,1,까오부리는거,까오부리는거
DZES20001132.1.1.399,1,이렇게,이렇게
DZES20001132.1.1.400,3,아,아
DZES20001132.1.1.400,3,아,아
DZES20001132.1.1.400,3,나,나
DZES20001132.1.1.400,3,병신,병신
DZES20001132.1.1.400,3,{laughing},{laughing}
DZES20001132.1.1.400,3,어,어
DZES20001132.1.1.401,3,어,어
DZES20001132.1.1.401,3,개,개
DZES20001132.1.1.401,3,스트레스,스트레스
DZES20001132.1.1.401,3,받아.,받아.
DZES20001132.1.1.402,1,개,개
DZES20001132.1.1.402,1,스트레스,스트레스
DZES20001132.1.1.402,1,받아.,받아.
DZES20001132.1.1.403,3,(()),(())
DZES20001132.1.1.404,3,아,아
DZES20001132.1.1.404,3,돌아이,돌아이
DZES20001132.1.1.404,3,아니?,아니야?
DZES20001132.1.1.405,1,너,너
DZES20001132.1.1.405,1,뭐하맨?,뭐하는거야?
DZES20001132.1.1.406,2,뭐하맨,뭐하는거야
DZES20001132.1.1.406,2,씨발,씨발
DZES20001132.1.1.407,2,맡아실껀디,맡았을텐데
DZES20001132.1.1.408,3,여백의,여백의
DZES20001132.1.1.408,3,미,미
DZES20001132.1.1.409,1,맡아실건디,맡았을텐데
DZES20001132.1.1.410,1,칠파티노,칠파티노
DZES20001132.1.1.410,1,야,야
DZES20001132.1.1.410,1,이거,이거
DZES20001132.1.1.410,1,뭐야,뭐야
DZES20001132.1.1.410,1,{laughing},{laughing}
DZES20001132.1.1.411,1,이거,이거
DZES20001132.1.1.411,1,뭐야,뭐야
DZES20001132.1.1.412,2,아,아
DZES20001132.1.1.412,2,쓰바,쓰바
DZES20001132.1.1.412,2,{laughing},{laughing}
DZES20001132.1.1.413,3,어차피,어차피
DZES20001132.1.1.413,3,어차피,어차피
DZES20001132.1.1.413,3,그거잖아.,그거잖아.
DZES20001132.1.1.414,3,그래서,그래서
DZES20001132.1.1.415,3,뭐냐,뭐냐
DZES20001132.1.1.415,3,아,아
DZES20001132.1.1.416,2,이건,이건
DZES20001132.1.1.416,2,뭐?,뭐?
DZES20001132.1.1.417,1,아,아
DZES20001132.1.1.417,1,이거,이거
DZES20001132.1.1.417,1,버릴,버릴
DZES20001132.1.1.417,1,카드,카드
DZES20001132.1.1.418,3,할,할
DZES20001132.1.1.418,3,게,게
DZES20001132.1.1.418,3,존나,존나
DZES20001132.1.1.418,3,많아,많아
DZES20001132.1.1.418,3,아직도,아직도
DZES20001132.1.1.418,3,밭디,밭에
DZES20001132.1.1.419,1,아직도?,아직도?
DZES20001132.1.1.420,3,심심하면,심심하면
DZES20001132.1.1.420,3,너,너
DZES20001132.1.1.420,3,데려가클,데려갈께
DZES20001132.1.1.420,3,밭일,밭일
DZES20001132.1.1.420,3,해보고,해보고
DZES20001132.1.1.420,3,싶다,싶다
DZES20001132.1.1.420,3,했지,했지
DZES20001132.1.1.420,3,너,너
DZES20001132.1.1.421,1,아니,아니
DZES20001132.1.1.421,1,밭일,밭일
DZES20001132.1.1.421,1,해보고,해보고
DZES20001132.1.1.421,1,싶다고는,싶다고는
DZES20001132.1.1.421,1,안핸.,안했어.
DZES20001132.1.1.422,3,왜,왜
DZES20001132.1.1.422,3,아까,아까
DZES20001132.1.1.422,3,얘,얘
DZES20001132.1.1.422,3,그렇게,그렇게
DZES20001132.1.1.422,3,얘기,얘기
DZES20001132.1.1.422,3,했잖아.,했잖아.
DZES20001132.1.1.423,1,아니,아니
DZES20001132.1.1.423,1,밭일을,밭일을
DZES20001132.1.1.423,1,해본,해본
DZES20001132.1.1.423,1,적이,적이
DZES20001132.1.1.423,1,한번도,한번도
DZES20001132.1.1.423,1,없다,없다
DZES20001132.1.1.423,1,이랬지,이랬지
DZES20001132.1.1.423,1,밭일을,밭일을
DZES20001132.1.1.423,1,하고,하고
DZES20001132.1.1.423,1,싶진,싶진
DZES20001132.1.1.423,1,않애.,않아.
DZES20001132.1.1.424,3,그래서,그래서
DZES20001132.1.1.424,3,한번,한번
DZES20001132.1.1.424,3,경험해보고,경험해보고
DZES20001132.1.1.424,3,싶지,싶지
DZES20001132.1.1.424,3,않아?,않아?
DZES20001132.1.1.425,1,경험해보고,경험해보고
DZES20001132.1.1.425,1,싶지도,싶지도
DZES20001132.1.1.425,1,않애,않아
DZES20001132.1.1.425,1,{laughing},{laughing}
DZES20001132.1.1.426,1,그냥,그냥
DZES20001132.1.1.426,1,뭐든,뭐든
DZES20001132.1.1.426,1,하고,하고
DZES20001132.1.1.426,1,싶지는,싶지는
DZES20001132.1.1.426,1,않애,않아
DZES20001132.1.1.426,1,{laughing},{laughing}
DZES20001132.1.1.427,1,뭔,뭔
DZES20001132.1.1.427,1,말인지,말인지
DZES20001132.1.1.427,1,알지?,알지?
DZES20001132.1.1.428,1,너,너
DZES20001132.1.1.428,1,근데,근데
DZES20001132.1.1.428,1,왜,왜
DZES20001132.1.1.428,1,내,내
DZES20001132.1.1.428,1,카드,카드
DZES20001132.1.1.428,1,훔쳐보는거?,훔쳐보는거야?
DZES20001132.1.1.429,2,응,응
DZES20001132.1.1.429,2,안,안
DZES20001132.1.1.429,2,훔쳐보맨,훔쳐봐
DZES20001132.1.1.430,1,기?,그래?
DZES20001132.1.1.431,3,게믄,그러면
DZES20001132.1.1.431,3,손,손
DZES20001132.1.1.431,3,소독제로,소독제로
DZES20001132.1.1.431,3,너,너
DZES20001132.1.1.431,3,얼굴에,얼굴에
DZES20001132.1.1.432,3,아니다.,아니다.
DZES20001132.1.1.433,1,(()),(())
DZES20001132.1.1.434,2,너,너
DZES20001132.1.1.434,2,이거,이거
DZES20001132.1.1.434,2,필요하지?,필요하지?
DZES20001132.1.1.435,1,뭐?,뭐?
DZES20001132.1.1.436,2,안되겠다,안되겠다
DZES20001132.1.1.436,2,이거,이거
DZES20001132.1.1.436,2,버리면,버리면
DZES20001132.1.1.436,2,{laughing},{laughing}
DZES20001132.1.1.437,1,왜,왜
DZES20001132.1.1.437,1,와리맨?,나대?
DZES20001132.1.1.438,2,불안해서,불안해서
DZES20001132.1.1.438,2,못주겠다.,못주겠다.
DZES20001132.1.1.439,3,겐데,근데
DZES20001132.1.1.439,3,진짜,진짜
DZES20001132.1.1.439,3,설거지,설거지
DZES20001132.1.1.439,3,해야돼?,해야돼?
DZES20001132.1.1.440,1,당연한거,당연한거
DZES20001132.1.1.440,1,아니?,아니야?
DZES20001132.1.1.441,3,아,아
DZES20001132.1.1.441,3,귀찮은디,귀찮은데
DZES20001132.1.1.442,1,아,아
DZES20001132.1.1.442,1,설거지,설거지
DZES20001132.1.1.442,1,하는건,하는건
DZES20001132.1.1.442,1,국룰이지,국룰이지
DZES20001132.1.1.443,1,와,와
DZES20001132.1.1.443,1,끝나버린다고?,끝나버린다고?
DZES20001132.1.1.444,1,하,하
DZES20001132.1.1.445,3,아,아
DZES20001132.1.1.445,3,오늘,오늘
DZES20001132.1.1.445,3,기름,기름
DZES20001132.1.1.445,3,넣었어야,넣었어야
DZES20001132.1.1.445,3,했는데,했는데
DZES20001132.1.1.445,3,기름도,기름도
DZES20001132.1.1.445,3,못,못
DZES20001132.1.1.445,3,넣언,넣었어
DZES20001132.1.1.445,3,엘피지,엘피지
DZES20001132.1.1.446,2,아깝다,아깝다
DZES20001132.1.1.446,2,이,#이
DZES20001132.1.1.447,2,엘피지,엘피지
DZES20001132.1.1.447,2,엘피지,엘피지
DZES20001132.1.1.448,3,어,어
DZES20001132.1.1.449,3,엘피지,엘피지
DZES20001132.1.1.449,3,넣어야,넣어야
DZES20001132.1.1.449,3,되는데,되는데
DZES20001132.1.1.449,3,싼데가,싼데가
DZES20001132.1.1.449,3,그,그
DZES20001132.1.1.449,3,평화로,평화로
DZES20001132.1.1.449,3,쪽이거든,쪽이거든
DZES20001132.1.1.450,3,오십원,오십원
DZES20001132.1.1.450,3,오십원,오십원
DZES20001132.1.1.451,2,평화로,평화로
DZES20001132.1.1.451,2,가져?,갈 수 있어?
DZES20001132.1.1.452,3,그,그
DZES20001132.1.1.452,3,오늘,오늘
DZES20001132.1.1.452,3,못가니까,못가니까
DZES20001132.1.1.452,3,못,못
DZES20001132.1.1.452,3,간,간
DZES20001132.1.1.452,3,거,거
DZES20001132.1.1.452,3,거기가,거기가
DZES20001132.1.1.452,3,젤싸,젤싸
DZES20001132.1.1.452,3,칠백,칠백
DZES20001132.1.1.452,3,얼마였는데,얼마였는데
DZES20001132.1.1.453,3,요즘,요즘
DZES20001132.1.1.453,3,엘피지,엘피지
DZES20001132.1.1.453,3,뭐,뭐
DZES20001132.1.1.453,3,아빠가,아빠가
DZES20001132.1.1.453,3,말하기를,말하기를
DZES20001132.1.1.453,3,오십,오십
DZES20001132.1.1.453,3,원,원
DZES20001132.1.1.453,3,차이도,차이도
DZES20001132.1.1.453,3,존나,존나
DZES20001132.1.1.453,3,크댄.,크대.
DZES20001132.1.1.454,1,응,응
DZES20001132.1.1.455,2,난,난
DZES20001132.1.1.455,2,너가,너가
DZES20001132.1.1.455,2,뭐,뭐
DZES20001132.1.1.455,2,필요한지,필요한지
DZES20001132.1.1.455,2,알고,알고
DZES20001132.1.1.455,2,인.,있어.
DZES20001132.1.1.456,1,뭐,뭐
DZES20001132.1.1.457,2,말,말
DZES20001132.1.1.457,2,안하클,안할께
DZES20001132.1.1.458,1,알겐.,알겠어.
DZES20001132.1.1.459,2,너무,너무
DZES20001132.1.1.459,2,재밌다,재밌다
DZES20001132.1.1.459,2,이건,이건
DZES20001132.1.1.459,2,내가,내가
DZES20001132.1.1.459,2,이기겠다.,이기겠다.
DZES20001132.1.1.460,2,너가,너가
DZES20001132.1.1.460,2,뭐,뭐
DZES20001132.1.1.460,2,필요한지,필요한지
DZES20001132.1.1.460,2,알겐.,알겠어.
DZES20001132.1.1.461,2,이게,이게
DZES20001132.1.1.461,2,너가,너가
DZES20001132.1.1.461,2,필요한거거든,필요한거거든
DZES20001132.1.1.461,2,절대,절대
DZES20001132.1.1.461,2,안,안
DZES20001132.1.1.461,2,버린다.,버린다.
DZES20001132.1.1.462,3,마술,마술
DZES20001132.1.1.462,3,{laughing},{laughing}
DZES20001132.1.1.463,2,{laughing},{laughing}
DZES20001132.1.1.463,2,아,아
DZES20001132.1.1.463,2,귀여워,귀여워
DZES20001132.1.1.463,2,너,너
DZES20001132.1.1.463,2,버련?,버렸어?
DZES20001132.1.1.464,1,어,어
DZES20001132.1.1.465,1,개,개
DZES20001132.1.1.465,1,웃기네,웃기네
DZES20001132.1.1.466,1,&name5&,&name5&
DZES20001132.1.1.467,2,응?,응?
DZES20001132.1.1.468,1,너,너
DZES20001132.1.1.468,1,왜,왜
DZES20001132.1.1.468,1,이렇게,이렇게
DZES20001132.1.1.468,1,요염하게,요염하게
DZES20001132.1.1.468,1,있는거?,있는거야?
DZES20001132.1.1.469,2,난,난
DZES20001132.1.1.469,2,너,너
DZES20001132.1.1.469,2,너무,너무
DZES20001132.1.1.469,2,뻔해서,뻔해서
DZES20001132.1.1.469,2,미인계,미인계
DZES20001132.1.1.469,2,몰라?,몰라?
DZES20001132.1.1.470,2,여,여
DZES20001132.1.1.470,2,다리,다리
DZES20001132.1.1.470,2,보여주면서,보여주면서
DZES20001132.1.1.470,2,하면은,하면은
DZES20001132.1.1.471,2,집중력,집중력
DZES20001132.1.1.471,2,흐트려져가지고,흐트려져가지고
DZES20001132.1.1.472,1,집중력,집중력
DZES20001132.1.1.472,1,흐트러지긴,흐트러지긴
DZES20001132.1.1.472,1,해,해
DZES20001132.1.1.473,1,넌,넌
DZES20001132.1.1.473,1,진짜,진짜
DZES20001132.1.1.473,1,븅따같애.,븅따같애.
DZES20001132.1.1.474,3,{laughing},{laughing}
DZES20001132.1.1.474,3,너,너
DZES20001132.1.1.474,3,이거,이거
DZES20001132.1.1.474,3,필요하단거,필요하단거
DZES20001132.1.1.474,3,아니언?,아니었어?
DZES20001132.1.1.475,2,맞아.,맞아.
DZES20001132.1.1.476,3,와,와
DZES20001132.1.1.476,3,나,나
DZES20001132.1.1.476,3,당연히,당연히
DZES20001132.1.1.476,3,이건,이건
DZES20001132.1.1.476,3,줄,줄
DZES20001132.1.1.476,3,알아신디,알았는데
DZES20001132.1.1.477,1,{laughing},{laughing}
DZES20001132.1.1.477,1,개,개
DZES20001132.1.1.477,1,웃겨,웃겨
DZES20001132.1.1.478,2,너,너
DZES20001132.1.1.478,2,그,그
DZES20001132.1.1.478,2,타짜,타짜
DZES20001132.1.1.478,2,봤지,봤지
DZES20001132.1.1.478,2,일부러,일부러
DZES20001132.1.1.478,2,막,막
DZES20001132.1.1.478,2,팬티,팬티
DZES20001132.1.1.478,2,보여주는,보여주는
DZES20001132.1.1.478,2,그런거,그런거
DZES20001132.1.1.479,1,팬티보여주면,팬티보여주면
DZES20001132.1.1.479,1,뭐라고,뭐라고
DZES20001132.1.1.479,1,했는데,했는데
DZES20001132.1.1.479,1,걸,걸
DZES20001132.1.1.479,1,뭐라했지,뭐라했지
DZES20001132.1.1.480,1,이,이
DZES20001132.1.1.480,1,그,그
DZES20001132.1.1.480,1,대사가,대사가
DZES20001132.1.1.480,1,뭐였지,뭐였지
DZES20001132.1.1.480,1,팬티,팬티
DZES20001132.1.1.480,1,보여주면은,보여주면은
DZES20001132.1.1.480,1,그,그
DZES20001132.1.1.481,1,그거,그거
DZES20001132.1.1.481,1,대사,대사
DZES20001132.1.1.481,1,있잖아.,있잖아.
DZES20001132.1.1.482,3,난,난
DZES20001132.1.1.482,3,뒤태가,뒤태가
DZES20001132.1.1.482,3,이뻐,이뻐
DZES20001132.1.1.482,3,{clearing},{clearing}
DZES20001132.1.1.483,1,아니,아니
DZES20001132.1.1.483,1,팬티,팬티
DZES20001132.1.1.483,1,보여주면,보여주면
DZES20001132.1.1.483,1,여자가,여자가
DZES20001132.1.1.483,1,팬티,팬티
DZES20001132.1.1.483,1,보여주는거면,보여주는거면
DZES20001132.1.1.484,2,사기였나?,사기였나?
DZES20001132.1.1.485,1,사기였나,사기였나
DZES20001132.1.1.485,1,{laughing},{laughing}
DZES20001132.1.1.486,1,그,그
DZES20001132.1.1.486,1,대사,대사
DZES20001132.1.1.486,1,원,원
DZES20001132.1.1.486,1,대사,대사
DZES20001132.1.1.486,1,그거,그거
DZES20001132.1.1.487,3,몰라,몰라
DZES20001132.1.1.487,3,까먹언.,까먹었어.
DZES20001132.1.1.488,2,거,거
DZES20001132.1.1.488,2,그거,그거
DZES20001132.1.1.488,2,잖아,잖아
DZES20001132.1.1.488,2,탑,탑
DZES20001132.1.1.488,2,나온거,나온거
DZES20001132.1.1.489,1,응,응
DZES20001132.1.1.490,3,어,어
DZES20001132.1.1.491,1,나,나
DZES20001132.1.1.491,1,방귀,방귀
DZES20001132.1.1.491,1,마려우맨.,마려워.
DZES20001132.1.1.492,2,뀌어.,뀌어.
DZES20001132.1.1.493,1,안돼.,안돼.
DZES20001132.1.1.494,1,나,나
DZES20001132.1.1.494,1,사람,사람
DZES20001132.1.1.494,1,앞에서,앞에서
DZES20001132.1.1.494,1,잘,잘
DZES20001132.1.1.494,1,못껴.,못껴.
DZES20001132.1.1.495,2,내가,내가
DZES20001132.1.1.495,2,받아주클.,받아줄께.
DZES20001132.1.1.496,1,진짜?,진짜?
DZES20001132.1.1.497,1,아가리,아가리
DZES20001132.1.1.497,1,벌려,벌려
DZES20001132.1.1.498,1,진짜,진짜
DZES20001132.1.1.498,1,한다,한다
DZES20001132.1.1.499,2,와,와
DZES20001132.1.1.499,2,진,진
DZES20001132.1.1.499,2,와,와
DZES20001132.1.1.499,2,벌써,벌써
DZES20001132.1.1.499,2,역겨워,역겨워
DZES20001132.1.1.500,1,벌써,벌써
DZES20001132.1.1.500,1,역겨워?,역겨워?
DZES20001132.1.1.501,2,아니,아니
DZES20001132.1.1.501,2,나는,나는
DZES20001132.1.1.502,1,난,난
DZES20001132.1.1.502,1,너,너
DZES20001132.1.1.502,1,방귀,방귀
DZES20001132.1.1.502,1,먹어줄,먹어줄
DZES20001132.1.1.502,1,수,수
DZES20001132.1.1.502,1,인.,있어.
DZES20001132.1.1.503,2,진짜지?,진짜지?
DZES20001132.1.1.504,1,어,어
DZES20001132.1.1.505,2,나,나
DZES20001132.1.1.505,2,지금,지금
DZES20001132.1.1.505,2,마련운데,마련운데
DZES20001132.1.1.506,1,어,어
DZES20001132.1.1.507,2,먹어,먹어
DZES20001132.1.1.507,2,이,#이
DZES20001132.1.1.508,1,어,어
DZES20001132.1.1.509,3,해봐,해봐
DZES20001132.1.1.510,1,해봐,해봐
DZES20001132.1.1.511,2,안하젠,안할래
DZES20001132.1.1.512,1,왜?,왜?
DZES20001132.1.1.513,2,존나,존나
DZES20001132.1.1.513,2,수치스러워,수치스러워
DZES20001132.1.1.513,2,{laughing},{laughing}
DZES20001132.1.1.514,1,지가,지가
DZES20001132.1.1.514,1,못,못
DZES20001132.1.1.514,1,하는거멍,하는거면서
DZES20001132.1.1.515,2,나,나
DZES20001132.1.1.515,2,(()),(())
DZES20001132.1.1.516,1,가오,가오
DZES20001132.1.1.516,1,존나게,존나게
DZES20001132.1.1.516,1,부리죠.,부리죠.
DZES20001132.1.1.517,2,뭐야,뭐야
DZES20001132.1.1.517,2,(()),(())
DZES20001132.1.1.518,3,근데,근데
DZES20001132.1.1.519,1,응,응
DZES20001132.1.1.520,3,진짜,진짜
DZES20001132.1.1.520,3,인재가,인재가
DZES20001132.1.1.520,3,필요해,필요해
DZES20001132.1.1.520,3,밭일,밭일
DZES20001132.1.1.521,2,인재가,인재가
DZES20001132.1.1.521,2,필요하다고?,필요하다고?
DZES20001132.1.1.522,3,어,어
DZES20001132.1.1.522,3,진짜,진짜
DZES20001132.1.1.522,3,인재가,인재가
DZES20001132.1.1.522,3,필요해,필요해
DZES20001132.1.1.523,3,&name5&이,&name5&이
DZES20001132.1.1.523,3,데꼬가클,데리고갈께
DZES20001132.1.1.523,3,나,나
DZES20001132.1.1.524,2,나,나
DZES20001132.1.1.524,2,바빠서,바빠서
DZES20001132.1.1.524,2,안,안
DZES20001132.1.1.524,2,돼,돼
DZES20001132.1.1.525,1,너,너
DZES20001132.1.1.525,1,뭐,뭐
DZES20001132.1.1.525,1,하느라,하느라
DZES20001132.1.1.525,1,바빠?,바빠?
DZES20001132.1.1.526,2,일하네,일하잖아
DZES20001132.1.1.527,1,일하네,일하잖아
DZES20001132.1.1.527,1,주말은?,주말은?
DZES20001132.1.1.528,3,주,주
DZES20001132.1.1.528,3,오일,오일
DZES20001132.1.1.528,3,다,다
DZES20001132.1.1.528,3,일하나,일해
DZES20001132.1.1.529,2,그리고,그리고
DZES20001132.1.1.529,2,나,나
DZES20001132.1.1.529,2,돈,돈
DZES20001132.1.1.529,2,안주면,안주면
DZES20001132.1.1.529,2,안해.,안해.
DZES20001132.1.1.530,1,아,아
DZES20001132.1.1.530,1,미안해,미안해
DZES20001132.1.1.530,1,진짜,진짜
DZES20001132.1.1.530,1,미안,미안
DZES20001132.1.1.531,3,미안한데,미안한데
DZES20001132.1.1.531,3,돈주고,돈주고
DZES20001132.1.1.531,3,밥주고,밥주고
DZES20001132.1.1.531,3,집줘.,집줘.
DZES20001132.1.1.532,2,집도,집도
DZES20001132.1.1.532,2,준다고,준다고
DZES20001132.1.1.532,2,장난,장난
DZES20001132.1.1.532,2,{laughing},{laughing}
DZES20001132.1.1.533,2,{laughing},{laughing}
DZES20001132.1.1.533,2,집을,집을
DZES20001132.1.1.533,2,준다고,준다고
DZES20001132.1.1.534,3,아이,아이
DZES20001132.1.1.534,3,재울,재울
DZES20001132.1.1.534,3,수,수
DZES20001132.1.1.534,3,인,있어
DZES20001132.1.1.534,3,잠자는,잠자는
DZES20001132.1.1.534,3,데도,데도
DZES20001132.1.1.534,3,줘.,줘.
DZES20001132.1.1.535,1,잠자리를,잠자리를
DZES20001132.1.1.535,1,줘야지,줘야지
DZES20001132.1.1.536,2,그럼,그럼
DZES20001132.1.1.536,2,베트남,베트남
DZES20001132.1.1.536,2,가시나,가시나
DZES20001132.1.1.536,2,한,한
DZES20001132.1.1.536,2,명,명
DZES20001132.1.1.536,2,데리고,데리고
DZES20001132.1.1.536,2,가도,가도
DZES20001132.1.1.536,2,돼?,돼?
DZES20001132.1.1.537,3,데꼬와.,데꼬와.
DZES20001132.1.1.538,1,근데,근데
DZES20001132.1.1.538,1,&name5&아,&name5&아
DZES20001132.1.1.538,1,너,너
DZES20001132.1.1.538,1,카드,카드
DZES20001132.1.1.538,1,게임,게임
DZES20001132.1.1.538,1,좋아해?,좋아해?
DZES20001132.1.1.539,2,왜?,왜?
DZES20001132.1.1.540,1,그냥,그냥
DZES20001132.1.1.540,1,좋아해보여.,좋아해보여.
DZES20001132.1.1.541,2,이렇게,이렇게
DZES20001132.1.1.541,2,하면,하면
DZES20001132.1.1.541,2,망해,망해
DZES20001132.1.1.542,3,망하라고,망하라고
DZES20001132.1.1.542,3,하는건데?,하는건데?
DZES20001132.1.1.543,2,나,나
DZES20001132.1.1.543,2,카드게임,카드게임
DZES20001132.1.1.543,2,안,안
DZES20001132.1.1.543,2,좋아해.,좋아해.
DZES20001132.1.1.544,1,진짜?,진짜?
DZES20001132.1.1.545,3,너,너
DZES20001132.1.1.545,3,홀덤,홀덤
DZES20001132.1.1.545,3,좋아하네.,좋아하잖아.
DZES20001132.1.1.546,2,홀덤은,홀덤은
DZES20001132.1.1.546,2,좋아해.,좋아해.
DZES20001132.1.1.547,2,홀더,홀더
DZES20001132.1.1.547,2,마커,마커
DZES20001132.1.1.548,3,야,야
DZES20001132.1.1.548,3,이번에,이번에
DZES20001132.1.1.548,3,&name10&,&name10&
DZES20001132.1.1.548,3,돈,돈
DZES20001132.1.1.548,3,빨아먹어주,빨아먹지
DZES20001132.1.1.549,2,&name10&는,&name10&는
DZES20001132.1.1.549,2,돈,돈
DZES20001132.1.1.549,2,많아서,많아서
DZES20001132.1.1.549,2,괜찮.,괜찮아.
DZES20001132.1.1.550,3,그러니까,그러니까
DZES20001132.1.1.550,3,아,아
DZES20001132.1.1.550,3,씨발,씨발
DZES20001132.1.1.551,1,걔,걔
DZES20001132.1.1.551,1,돈,돈
DZES20001132.1.1.551,1,모으맨?,모으고있어?
DZES20001132.1.1.552,2,응?,응?
DZES20001132.1.1.553,3,아,아
DZES20001132.1.1.553,3,나,나
DZES20001132.1.1.553,3,갚을,갚을
DZES20001132.1.1.553,3,돈도,돈도
DZES20001132.1.1.553,3,존나,존나
DZES20001132.1.1.553,3,많은디,많은데
DZES20001132.1.1.554,2,돈,돈
DZES20001132.1.1.554,2,모으고,모으고
DZES20001132.1.1.554,2,있나?,있나?
DZES20001132.1.1.555,2,아무튼,아무튼
DZES20001132.1.1.555,2,&name12&,&name12&
DZES20001132.1.1.555,2,너,너
DZES20001132.1.1.555,2,&company-name2&,&company-name2&
DZES20001132.1.1.555,2,다,다
DZES20001132.1.1.555,2,갚안?,갚았어?
DZES20001132.1.1.556,3,못,못
DZES20001132.1.1.556,3,갚았지,갚았지
DZES20001132.1.1.557,2,&name16&이는,&name16&이는
DZES20001132.1.1.557,2,다,다
DZES20001132.1.1.557,2,갚았댄.,갚았대.
DZES20001132.1.1.558,3,걔는,걔는
DZES20001132.1.1.558,3,그걸로,그걸로
DZES20001132.1.1.558,3,내가,내가
DZES20001132.1.1.558,3,말했거든,말했거든
DZES20001132.1.1.559,3,거,거
DZES20001132.1.1.559,3,적금,적금
DZES20001132.1.1.559,3,빠져나오면,빠져나오면
DZES20001132.1.1.559,3,너,너
DZES20001132.1.1.559,3,그건,그건
DZES20001132.1.1.559,3,일단,일단
DZES20001132.1.1.559,3,&company-name2&부터,&company-name2&부터
DZES20001132.1.1.559,3,갚아라.,갚아라.
DZES20001132.1.1.560,3,근데,근데
DZES20001132.1.1.560,3,아깝덴,아깝대
DZES20001132.1.1.560,3,아오,아오
DZES20001132.1.1.560,3,절대,절대
DZES20001132.1.1.560,3,안돼,안돼
DZES20001132.1.1.560,3,무조건,무조건
DZES20001132.1.1.560,3,거,거
DZES20001132.1.1.560,3,갚아야,갚아야
DZES20001132.1.1.560,3,이자값이,이자값이
DZES20001132.1.1.560,3,한,한
DZES20001132.1.1.560,3,달에,달에
DZES20001132.1.1.560,3,이자,이자
DZES20001132.1.1.560,3,값이,값이
DZES20001132.1.1.560,3,만,만
DZES20001132.1.1.560,3,얼마거든,얼마거든
DZES20001132.1.1.561,3,그걸로,그걸로
DZES20001132.1.1.561,3,차라리,차라리
DZES20001132.1.1.561,3,담배,담배
DZES20001132.1.1.561,3,세,세
DZES20001132.1.1.561,3,갑을,갑을
DZES20001132.1.1.561,3,더,더
DZES20001132.1.1.561,3,사거나,사거나
DZES20001132.1.1.561,3,밥,밥
DZES20001132.1.1.561,3,값을,값을
DZES20001132.1.1.561,3,해라.,해라.
DZES20001132.1.1.562,2,&name6&인,&name6&인
DZES20001132.1.1.563,1,너,너
DZES20001132.1.1.563,1,차례,차례
DZES20001132.1.1.563,1,아니,아니야
DZES20001132.1.1.564,2,그러니까,그러니까
DZES20001132.1.1.564,2,&name6&인,&name6&인
DZES20001132.1.1.564,2,아예,아예
DZES20001132.1.1.564,2,안,안
DZES20001132.1.1.564,2,갚았댄,갚았다고
DZES20001132.1.1.564,2,하는디,하는데
DZES20001132.1.1.565,3,근데,근데
DZES20001132.1.1.565,3,&name6&이가,&name6&이가
DZES20001132.1.1.565,3,바본게,바본게
DZES20001132.1.1.565,3,있네.,있잖아.
DZES20001132.1.1.566,3,지금,지금
DZES20001132.1.1.566,3,쓸,쓸
DZES20001132.1.1.566,3,돈만,돈만
DZES20001132.1.1.566,3,생각해,생각해
DZES20001132.1.1.566,3,존나,존나
DZES20001132.1.1.567,1,응,응
DZES20001132.1.1.568,2,걔는,걔는
DZES20001132.1.1.568,2,돈,돈
DZES20001132.1.1.568,2,없어도,없어도
DZES20001132.1.1.568,2,놀잖아.,놀잖아.
DZES20001132.1.1.569,3,옷을,옷을
DZES20001132.1.1.569,3,사야,사야
DZES20001132.1.1.569,3,되고,되고
DZES20001132.1.1.570,1,맞아,맞아
DZES20001132.1.1.570,1,맞아,맞아
DZES20001132.1.1.571,3,밥보단,밥보단
DZES20001132.1.1.571,3,옷이고,옷이고
DZES20001132.1.1.572,3,그래서,그래서
DZES20001132.1.1.572,3,너무,너무
DZES20001132.1.1.572,3,짜증나,짜증나
DZES20001132.1.1.572,3,나는,나는
DZES20001132.1.1.573,2,아니,아니
DZES20001132.1.1.573,2,걔,걔
DZES20001132.1.1.573,2,진짜,진짜
DZES20001132.1.1.574,2,뭘,뭘
DZES20001132.1.1.574,2,살지,살지
DZES20001132.1.1.574,2,계속,계속
DZES20001132.1.1.574,2,보고,보고
DZES20001132.1.1.574,2,있던디,있던데
DZES20001132.1.1.574,2,그래서,그래서
DZES20001132.1.1.575,2,꿀매,꿀매
DZES20001132.1.1.575,2,나오면,나오면
DZES20001132.1.1.575,2,존나,존나
DZES20001132.1.1.575,2,나고,나고
DZES20001132.1.1.576,1,응,응
DZES20001132.1.1.577,1,걔,걔
DZES20001132.1.1.577,1,진짜,진짜
DZES20001132.1.1.577,1,돈,돈
DZES20001132.1.1.577,1,개념,개념
DZES20001132.1.1.577,1,어신거,없는거
DZES20001132.1.1.577,1,닮아.,같아.
DZES20001132.1.1.578,3,근데,근데
DZES20001132.1.1.578,3,내가,내가
DZES20001132.1.1.578,3,진짜,진짜
DZES20001132.1.1.578,3,한번,한번
DZES20001132.1.1.578,3,날,날
DZES20001132.1.1.578,3,잡앙,잡아서
DZES20001132.1.1.578,3,{clearing},{clearing}
DZES20001132.1.1.579,3,교육,교육
DZES20001132.1.1.579,3,한번,한번
DZES20001132.1.1.579,3,시켜주고,시켜주고
DZES20001132.1.1.579,3,싶어.,싶어.
DZES20001132.1.1.580,1,근데,근데
DZES20001132.1.1.580,1,가이,그 아이
DZES20001132.1.1.580,1,빚,빚
DZES20001132.1.1.580,1,인?,있어?
DZES20001132.1.1.581,2,삼백,삼백
DZES20001132.1.1.581,2,만,만
DZES20001132.1.1.581,2,원인가,원인가
DZES20001132.1.1.581,2,그거?,그거?
DZES20001132.1.1.582,1,걔,걔
DZES20001132.1.1.582,1,빚,빚
DZES20001132.1.1.582,1,생각,생각
DZES20001132.1.1.582,1,전혀,전혀
DZES20001132.1.1.582,1,안,안
DZES20001132.1.1.582,1,하고,하고
DZES20001132.1.1.582,1,있지?,있지?
DZES20001132.1.1.583,2,어,어
DZES20001132.1.1.584,3,전혀,전혀
DZES20001132.1.1.584,3,안하고,안하고
DZES20001132.1.1.584,3,있지,있지
DZES20001132.1.1.585,2,아니,아니
DZES20001132.1.1.585,2,내가,내가
DZES20001132.1.1.585,2,보기엔,보기엔
DZES20001132.1.1.585,2,지금,지금
DZES20001132.1.1.585,2,&name6&이,&name6&이
DZES20001132.1.1.585,2,그걸,그걸
DZES20001132.1.1.585,2,생각하고,생각하고
DZES20001132.1.1.585,2,있다니까,있다니까
DZES20001132.1.1.586,2,&name14&이가,&name14&이가
DZES20001132.1.1.586,2,갚을,갚을
DZES20001132.1.1.586,2,거라고,거라고
DZES20001132.1.1.586,2,생각하고,생각하고
DZES20001132.1.1.586,2,있다니까,있다니까
DZES20001132.1.1.587,1,&name6&이한테,&name6&이한테
DZES20001132.1.1.587,1,얼마,얼마
DZES20001132.1.1.588,2,삼백,삼백
DZES20001132.1.1.589,2,근데,근데
DZES20001132.1.1.589,2,&name14&이,&name14&이
DZES20001132.1.1.590,3,삼백이긴,삼백이긴
DZES20001132.1.1.590,3,한데,한데
DZES20001132.1.1.590,3,어,어
DZES20001132.1.1.590,3,그거를,그거를
DZES20001132.1.1.590,3,쫌,쫌
DZES20001132.1.1.590,3,정신,정신
DZES20001132.1.1.590,3,차려,차려
DZES20001132.1.1.590,3,가지고,가지고
DZES20001132.1.1.591,3,지금부터,지금부터
DZES20001132.1.1.591,3,일해서,일해서
DZES20001132.1.1.591,3,갚을,갚을
DZES20001132.1.1.591,3,생각을,생각을
DZES20001132.1.1.591,3,해야지,해야지
DZES20001132.1.1.592,3,나는,나는
DZES20001132.1.1.592,3,이미,이미
DZES20001132.1.1.592,3,알,알
DZES20001132.1.1.592,3,알거든,알거든
DZES20001132.1.1.592,3,지금,지금
DZES20001132.1.1.592,3,&name14&이,&name14&이
DZES20001132.1.1.592,3,못,못
DZES20001132.1.1.592,3,갚는,갚는
DZES20001132.1.1.592,3,거를,거를
DZES20001132.1.1.592,3,그래서,그래서
DZES20001132.1.1.592,3,나는,나는
DZES20001132.1.1.593,3,보채지도,보채지도
DZES20001132.1.1.593,3,않아,않아
DZES20001132.1.1.593,3,왜냐,왜냐
DZES20001132.1.1.593,3,보채면,보채면
DZES20001132.1.1.593,3,그,그
DZES20001132.1.1.593,3,새,새
DZES20001132.1.1.593,3,걘,걘
DZES20001132.1.1.594,3,모든,모든
DZES20001132.1.1.594,3,사람이,사람이
DZES20001132.1.1.594,3,보채면은,보채면은
DZES20001132.1.1.594,3,이제,이제
DZES20001132.1.1.594,3,잠수타고,잠수타고
DZES20001132.1.1.594,3,싶고,싶고
DZES20001132.1.1.594,3,안,안
DZES20001132.1.1.594,3,갖고,갖고
DZES20001132.1.1.594,3,싶고,싶고
DZES20001132.1.1.594,3,겅허거든,그렇게 하거든
DZES20001132.1.1.594,3,배,배
DZES20001132.1.1.594,3,째라는,째라는
DZES20001132.1.1.594,3,식으로,식으로
DZES20001132.1.1.595,1,응,응
DZES20001132.1.1.596,3,그래서,그래서
DZES20001132.1.1.596,3,달래주면서,달래주면서
DZES20001132.1.1.596,3,해야,해야
DZES20001132.1.1.596,3,되는데,되는데
DZES20001132.1.1.597,3,걔가,걔가
DZES20001132.1.1.597,3,갚아주겠지,갚아주겠지
DZES20001132.1.1.597,3,하면서,하면서
DZES20001132.1.1.597,3,계속,계속
DZES20001132.1.1.597,3,이자,이자
DZES20001132.1.1.597,3,값은,값은
DZES20001132.1.1.597,3,내면서,내면서
DZES20001132.1.1.597,3,안,안
DZES20001132.1.1.597,3,하는거라,하는거야
DZES20001132.1.1.597,3,계속,계속
DZES20001132.1.1.598,3,그러면,그러면
DZES20001132.1.1.598,3,문제가,문제가
DZES20001132.1.1.598,3,생기는,생기는
DZES20001132.1.1.598,3,거야.,거야.
DZES20001132.1.1.599,3,&name6&도,&name6&도
DZES20001132.1.1.600,1,진짜,진짜
DZES20001132.1.1.600,1,갚을,갚을
DZES20001132.1.1.600,1,거라고,거라고
DZES20001132.1.1.600,1,생각하는,생각하는
DZES20001132.1.1.600,1,건가,건가
DZES20001132.1.1.600,1,근데,근데
DZES20001132.1.1.600,1,존나,존나
DZES20001132.1.1.600,1,억울하겠다.,억울하겠다.
DZES20001132.1.1.601,2,존나,존나
DZES20001132.1.1.601,2,억울하지,억울하지
DZES20001132.1.1.601,2,나였으면,나였으면
DZES20001132.1.1.601,2,바로,바로
DZES20001132.1.1.601,2,신고핸.,신고했어.
DZES20001132.1.1.602,3,그러니까,그러니까
DZES20001132.1.1.602,3,이게,이게
DZES20001132.1.1.602,3,또,또
DZES20001132.1.1.602,3,애매한게,애매한게
DZES20001132.1.1.602,3,친구여서,친구여서
DZES20001132.1.1.602,3,신고를,신고를
DZES20001132.1.1.602,3,못해.,못해.
DZES20001132.1.1.603,3,그러니까,그러니까
DZES20001132.1.1.603,3,하다하다,하다하다
DZES20001132.1.1.603,3,안,안
DZES20001132.1.1.603,3,되면,되면
DZES20001132.1.1.603,3,신고,신고
DZES20001132.1.1.603,3,할,할
DZES20001132.1.1.603,3,수,수
DZES20001132.1.1.603,3,인,있어
DZES20001132.1.1.603,3,근데,근데
DZES20001132.1.1.603,3,바로,바로
DZES20001132.1.1.603,3,신고는,신고는
DZES20001132.1.1.603,3,못하지,못하지
DZES20001132.1.1.604,1,아,아
DZES20001132.1.1.604,1,돈을,돈을
DZES20001132.1.1.604,1,왜,왜
DZES20001132.1.1.604,1,안,안
DZES20001132.1.1.604,1,갚지,갚지
DZES20001132.1.1.604,1,난,난
DZES20001132.1.1.604,1,진짜,진짜
DZES20001132.1.1.604,1,돈,돈
DZES20001132.1.1.604,1,무조건,무조건
DZES20001132.1.1.604,1,갚거든,갚거든
DZES20001132.1.1.604,1,절대,절대
DZES20001132.1.1.604,1,고액,고액
DZES20001132.1.1.604,1,빌리지도,빌리지도
DZES20001132.1.1.604,1,않고,않고
DZES20001132.1.1.605,1,난,난
DZES20001132.1.1.605,1,아,아
DZES20001132.1.1.605,1,나,나
DZES20001132.1.1.605,1,진짜,진짜
DZES20001132.1.1.606,1,나는,나는
DZES20001132.1.1.606,1,어떤,어떤
DZES20001132.1.1.606,1,거,거
DZES20001132.1.1.606,1,하는지,하는지
DZES20001132.1.1.606,1,모르겐.,모르겠어.
DZES20001132.1.1.607,1,얘는,얘는
DZES20001132.1.1.607,1,왜,왜
DZES20001132.1.1.607,1,순서를,순서를
DZES20001132.1.1.607,1,그,그
DZES20001132.1.1.607,1,따구로,따구로
DZES20001132.1.1.607,1,하냐,하냐
DZES20001132.1.1.608,2,그니깐,그니깐
DZES20001132.1.1.608,2,{laughing},{laughing}
DZES20001132.1.1.609,1,존나,존나
DZES20001132.1.1.609,1,버리면,버리면
DZES20001132.1.1.609,1,끝이여.,끝이여.
DZES20001132.1.1.610,3,오케이,오케이
DZES20001132.1.1.611,3,다음부터,다음부터
DZES20001132.1.1.611,3,겅하클,그렇게 할께
DZES20001132.1.1.612,1,알겐.,알겠어.
DZES20001132.1.1.613,2,고맙다,고맙다
DZES20001132.1.1.613,2,이,#이
DZES20001132.1.1.614,1,뭐가,뭐가
DZES20001132.1.1.614,1,고마워.,고마워.
DZES20001132.1.1.615,1,왜,왜
DZES20001132.1.1.615,1,말이,말이
DZES20001132.1.1.615,1,있는거,있는거야
DZES20001132.1.1.615,1,자꾸,자꾸
DZES20001132.1.1.616,3,괜찮아,괜찮아
DZES20001132.1.1.616,3,인생은,인생은
DZES20001132.1.1.616,3,독고다이지,독고다이지
DZES20001132.1.1.617,1,땡,땡
DZES20001132.1.1.618,2,뭐,뭐
DZES20001132.1.1.619,3,고맙다,고맙다
DZES20001132.1.1.619,3,이,#이
DZES20001132.1.1.620,1,아,아
DZES20001132.1.1.620,1,아,아
DZES20001132.1.1.620,1,아,아
DZES20001132.1.1.620,1,예,예
DZES20001132.1.1.620,1,예,예
DZES20001132.1.1.621,3,{laughing},{laughing}
DZES20001132.1.1.621,3,이미,이미
DZES20001132.1.1.621,3,끝나서,끝나서
DZES20001132.1.1.621,3,이미,이미
DZES20001132.1.1.621,3,끝났어.,끝났어.
DZES20001132.1.1.622,1,와,와
DZES20001132.1.1.623,2,아니,아니
DZES20001132.1.1.623,2,아,아
DZES20001132.1.1.624,2,나는,나는
DZES20001132.1.1.624,2,진짜,진짜
DZES20001132.1.1.624,2,딱,딱
DZES20001132.1.1.625,3,두,두
DZES20001132.1.1.625,3,달,달
DZES20001132.1.1.625,3,안에,안에
DZES20001132.1.1.625,3,내,내
DZES20001132.1.1.625,3,모든,모든
DZES20001132.1.1.625,3,빚,빚
DZES20001132.1.1.625,3,다,다
DZES20001132.1.1.625,3,갚고,갚고
DZES20001132.1.1.626,1,응,응
DZES20001132.1.1.627,2,그때부터,그때부터
DZES20001132.1.1.627,2,편하게,편하게
DZES20001132.1.1.627,2,살아야겠다.,살아야겠다.
DZES20001132.1.1.628,1,너,너
DZES20001132.1.1.628,1,빚,빚
DZES20001132.1.1.628,1,얼마,얼마야
DZES20001132.1.1.628,1,지금?,지금?
DZES20001132.1.1.629,1,진지하게,진지하게
DZES20001132.1.1.630,2,응,응
DZES20001132.1.1.631,2,은행빚,은행빚
DZES20001132.1.1.631,2,팔십,팔십
DZES20001132.1.1.632,2,카드값은,카드값은
DZES20001132.1.1.632,2,어차피,어차피
DZES20001132.1.1.632,2,그냥,그냥
DZES20001132.1.1.632,2,쓰는거,쓰는거
DZES20001132.1.1.632,2,내가,내가
DZES20001132.1.1.632,2,평소에,평소에
DZES20001132.1.1.632,2,쓰는,쓰는
DZES20001132.1.1.632,2,거라,거라
DZES20001132.1.1.632,2,치고,치고
DZES20001132.1.1.632,2,카드값,카드값
DZES20001132.1.1.632,2,한,한
DZES20001132.1.1.633,2,구십,구십
DZES20001132.1.1.633,2,팔십,팔십
DZES20001132.1.1.633,2,팔,팔
DZES20001132.1.1.633,2,구,구
DZES20001132.1.1.633,2,십,십
DZES20001132.1.1.633,2,은행빚?,은행빚?
DZES20001132.1.1.634,1,응,응
DZES20001132.1.1.635,2,몰라,몰라
DZES20001132.1.1.635,2,군대에서,군대에서
DZES20001132.1.1.635,2,한번,한번
DZES20001132.1.1.636,2,존나,존나
DZES20001132.1.1.636,2,막,막
DZES20001132.1.1.636,2,쓰다가,쓰다가
DZES20001132.1.1.637,1,전역,전역
DZES20001132.1.1.637,1,할,할
DZES20001132.1.1.637,1,때,때
DZES20001132.1.1.637,1,쯤에?,쯤에?
DZES20001132.1.1.638,2,응,응
DZES20001132.1.1.639,1,아,아
DZES20001132.1.1.639,1,그때,그때
DZES20001132.1.1.639,1,너,너
DZES20001132.1.1.639,1,그때,그때
DZES20001132.1.1.639,1,은행에서,은행에서
DZES20001132.1.1.639,1,땡견?,땡겼어?
DZES20001132.1.1.640,2,응,응
DZES20001132.1.1.641,1,왜,왜
DZES20001132.1.1.641,1,나한테,나한테
DZES20001132.1.1.641,1,말,말
DZES20001132.1.1.641,1,안해줜?,안해줬어?
DZES20001132.1.1.642,3,대신,대신
DZES20001132.1.1.642,3,갚아줄꺼?,갚아줄꺼야?
DZES20001132.1.1.643,1,왜,왜
DZES20001132.1.1.643,1,나한테,나한테
DZES20001132.1.1.643,1,말,말
DZES20001132.1.1.643,1,안해줜?,안해줬어?
DZES20001132.1.1.644,2,말해주면,말해주면
DZES20001132.1.1.644,2,달라.,달라.
DZES20001132.1.1.645,1,아,아
DZES20001132.1.1.645,1,그니까,그니까
DZES20001132.1.1.645,1,왜,왜
DZES20001132.1.1.645,1,말,말
DZES20001132.1.1.645,1,안해줬냐고,안해줬냐고
DZES20001132.1.1.645,1,왜,왜
DZES20001132.1.1.645,1,말,말
DZES20001132.1.1.645,1,그,그
DZES20001132.1.1.645,1,따꾸로,따꾸로
DZES20001132.1.1.645,1,하맨?,해?
DZES20001132.1.1.646,2,아니,아니
DZES20001132.1.1.646,2,말,말
DZES20001132.1.1.646,2,어떵하나?,어떻게해?
DZES20001132.1.1.647,1,왜,왜
DZES20001132.1.1.647,1,말을,말을
DZES20001132.1.1.647,1,못해?,못해?
DZES20001132.1.1.648,2,그렇게,그렇게
DZES20001132.1.1.648,2,했으면,했으면
DZES20001132.1.1.648,2,너,너
DZES20001132.1.1.648,2,존나,존나
DZES20001132.1.1.648,2,뭐라할꺼,뭐라할꺼
DZES20001132.1.1.648,2,같애서,같애서
DZES20001132.1.1.648,2,{laughing},{laughing}
DZES20001132.1.1.649,1,요즘,요즘
DZES20001132.1.1.649,1,너,너
DZES20001132.1.1.649,1,나한테,나한테
DZES20001132.1.1.649,1,숨기는게,숨기는게
DZES20001132.1.1.649,1,점점,점점
DZES20001132.1.1.649,1,늘어,늘어
DZES20001132.1.1.649,1,이,#이
DZES20001132.1.1.649,1,맞지,맞지
DZES20001132.1.1.650,2,어,어
DZES20001132.1.1.651,1,맞지?,맞지?
DZES20001132.1.1.652,2,아,아
DZES20001132.1.1.652,2,아니,아니
DZES20001132.1.1.652,2,아니,아니
DZES20001132.1.1.652,2,아니,아니
DZES20001132.1.1.653,1,맞지?,맞지?
DZES20001132.1.1.654,2,어,어
DZES20001132.1.1.655,2,숨기는거,숨기는거
DZES20001132.1.1.655,2,언.,없어.
DZES20001132.1.1.656,1,숨기는,숨기는
DZES20001132.1.1.656,1,거,거
DZES20001132.1.1.656,1,언?,없어?
DZES20001132.1.1.657,2,응,응
DZES20001132.1.1.658,1,너,너
DZES20001132.1.1.658,1,요번에,요번에
DZES20001132.1.1.658,1,어떵핸?,어떻게했어?
DZES20001132.1.1.659,2,아니,아니
DZES20001132.1.1.659,2,이젠,이젠
DZES20001132.1.1.659,2,언.,없어
DZES20001132.1.1.660,1,이젠,이젠
DZES20001132.1.1.660,1,없는,없는
DZES20001132.1.1.660,1,거,거
DZES20001132.1.1.660,1,확실해,확실해
DZES20001132.1.1.660,1,{laughing},{laughing}
DZES20001132.1.1.661,2,뭘,뭘
DZES20001132.1.1.661,2,(()),(())
DZES20001132.1.1.661,2,내가,내가
DZES20001132.1.1.661,2,뭘,뭘
DZES20001132.1.1.661,2,안,안
DZES20001132.1.1.661,2,안,안
DZES20001132.1.1.661,2,말했지?,말했지?
DZES20001132.1.1.662,1,너는,너는
DZES20001132.1.1.662,1,나한테,나한테
DZES20001132.1.1.662,1,잔소리,잔소리
DZES20001132.1.1.662,1,듣는,듣는
DZES20001132.1.1.662,1,게,게
DZES20001132.1.1.662,1,싫어가지고,싫어가지고
DZES20001132.1.1.662,1,나한테,나한테
DZES20001132.1.1.662,1,그냥,그냥
DZES20001132.1.1.662,1,쓴소리,쓴소리
DZES20001132.1.1.662,1,듣기,듣기
DZES20001132.1.1.662,1,싫어서,싫어서
DZES20001132.1.1.662,1,존나,존나
DZES20001132.1.1.662,1,숨긴다니까,숨긴다니까
DZES20001132.1.1.663,2,내가,내가
DZES20001132.1.1.663,2,성병,성병
DZES20001132.1.1.663,2,걸린것도,걸린것도
DZES20001132.1.1.663,2,말하면,말하면
DZES20001132.1.1.663,2,(()),(())
DZES20001132.1.1.664,1,거,그거
DZES20001132.1.1.664,1,내,내
DZES20001132.1.1.664,1,알바,알바
DZES20001132.1.1.664,1,아니네,아니잖아
DZES20001132.1.1.664,1,{laughing},{laughing}
DZES20001132.1.1.665,3,겅말하면,그렇게 말하면
DZES20001132.1.1.665,3,얘기하고,얘기하고
DZES20001132.1.1.665,3,싶겠나,싶겠나
DZES20001132.1.1.666,1,아니,아니
DZES20001132.1.1.666,1,성병,성병
DZES20001132.1.1.666,1,걸린건,걸린건
DZES20001132.1.1.666,1,내,내
DZES20001132.1.1.666,1,알바,알바
DZES20001132.1.1.666,1,아니지,아니지
DZES20001132.1.1.666,1,않,않아
DZES20001132.1.1.666,1,성병,성병
DZES20001132.1.1.666,1,뭐,뭐
DZES20001132.1.1.666,1,걸리면,걸리면
DZES20001132.1.1.666,1,어떵돼?,어떻게돼?
DZES20001132.1.1.667,3,걸리면,걸리면
DZES20001132.1.1.667,3,치료,치료
DZES20001132.1.1.667,3,받아야지,받아야지
DZES20001132.1.1.667,3,뭐,뭐
DZES20001132.1.1.667,3,{laughing},{laughing}
DZES20001132.1.1.668,1,뭐,뭐
DZES20001132.1.1.668,1,없지,없지
DZES20001132.1.1.668,1,않,않
DZES20001132.1.1.668,1,나한테,나한테
DZES20001132.1.1.668,1,피해가는,피해가는
DZES20001132.1.1.668,1,없잖아.,없잖아.
DZES20001132.1.1.669,2,응,응
DZES20001132.1.1.670,3,거,그거
DZES20001132.1.1.670,3,은행은,은행은
DZES20001132.1.1.670,3,피해가나,피해가냐
DZES20001132.1.1.670,3,너한테,너한테
DZES20001132.1.1.671,1,아,아
DZES20001132.1.1.671,1,근데,근데
DZES20001132.1.1.671,1,궁금하네,궁금하네
DZES20001132.1.1.672,3,성병은,성병은
DZES20001132.1.1.672,3,안,안
DZES20001132.1.1.672,3,궁금해?,궁금해?
DZES20001132.1.1.673,1,성,성
DZES20001132.1.1.673,1,아,아
DZES20001132.1.1.673,1,성병도,성병도
DZES20001132.1.1.673,1,궁금하긴,궁금하긴
DZES20001132.1.1.673,1,하겠다.,하겠다.
DZES20001132.1.1.674,2,그게,그게
DZES20001132.1.1.674,2,왜,왜
DZES20001132.1.1.674,2,궁금하나,궁금하나
DZES20001132.1.1.675,1,어?,어?
DZES20001132.1.1.676,1,재밌네,재밌잖아
DZES20001132.1.1.677,2,나,나
DZES20001132.1.1.677,2,성병,성병
DZES20001132.1.1.677,2,걸린,걸린
DZES20001132.1.1.677,2,게?,게?
DZES20001132.1.1.678,1,응,응
DZES20001132.1.1.679,2,성규,성규
DZES20001132.1.1.680,1,단규,단규
DZES20001132.1.1.681,2,아,아
DZES20001132.1.1.681,2,봉쥬르가,봉쥬르가
DZES20001132.1.1.681,2,뭐였지?,뭐였지?
DZES20001132.1.1.682,1,봉주르,봉주르
DZES20001132.1.1.682,1,하이,하이
DZES20001132.1.1.683,2,아,아
DZES20001132.1.1.683,2,진짜로?,진짜로?
DZES20001132.1.1.684,1,어,어
DZES20001132.1.1.685,3,(()),(())
DZES20001132.1.1.685,3,만,만
DZES20001132.1.1.685,3,가자,가자
DZES20001132.1.1.685,3,(()),(())
DZES20001132.1.1.685,3,가라,가라
DZES20001132.1.1.685,3,가라,가라
DZES20001132.1.1.685,3,가라,가라
DZES20001132.1.1.686,1,야,야
DZES20001132.1.1.686,1,벌써,벌써
DZES20001132.1.1.686,1,판,판
DZES20001132.1.1.686,1,깔았노,깔았노
DZES20001132.1.1.687,1,아,아
DZES20001132.1.1.688,3,이거면,이거면
DZES20001132.1.1.688,3,홀덤에서,홀덤에서
DZES20001132.1.1.688,3,일등인디,일등인데
DZES20001132.1.1.688,3,씨발,씨발
DZES20001132.1.1.689,3,아,아
DZES20001132.1.1.689,3,나,나
DZES20001132.1.1.689,3,씨발,씨발
DZES20001132.1.1.690,2,이거면,이거면
DZES20001132.1.1.690,2,이거여도,이거여도
DZES20001132.1.1.691,3,어,어
DZES20001132.1.1.692,2,바로,바로
DZES20001132.1.1.692,2,그냥,그냥
DZES20001132.1.1.692,2,올인해라,올인해라
DZES20001132.1.1.693,3,거의,거의
DZES20001132.1.1.693,3,이겨진거,이긴거야
DZES20001132.1.1.693,3,씨,씨
DZES20001132.1.1.694,2,너네,너네
DZES20001132.1.1.694,2,아저씨들,아저씨들
DZES20001132.1.1.694,2,같애,같애
DZES20001132.1.1.694,2,(()),(())
DZES20001132.1.1.694,2,는,는
DZES20001132.1.1.694,2,아니정,아니정
DZES20001132.1.1.695,1,너네,너네
DZES20001132.1.1.695,1,아저씨들,아저씨들
DZES20001132.1.1.695,1,같다고,같다고
DZES20001132.1.1.696,3,마음만은,마음만은
DZES20001132.1.1.696,3,젊어요.,젊어요.
DZES20001132.1.1.697,1,개,개
DZES20001132.1.1.697,1,웃겨,웃겨
DZES20001132.1.1.697,1,야,야
DZES20001132.1.1.697,1,너,너
DZES20001132.1.1.697,1,잘도,엄청
DZES20001132.1.1.697,1,귀엽다,귀엽다
DZES20001132.1.1.697,1,이,#이
DZES20001132.1.1.698,2,나,나
DZES20001132.1.1.698,2,끝난?,끝났어?
DZES20001132.1.1.699,3,누가,누가
DZES20001132.1.1.699,3,귀여워?,귀여워?
DZES20001132.1.1.700,1,&name5&이,&name5&이
DZES20001132.1.1.701,3,누게가,누가
DZES20001132.1.1.701,3,귀여워?,귀여워?
DZES20001132.1.1.702,3,누게가,누가
DZES20001132.1.1.702,3,귀여워?,귀여워?
DZES20001132.1.1.703,2,나,나
DZES20001132.1.1.703,2,모자,모자
DZES20001132.1.1.703,2,살까,살까
DZES20001132.1.1.703,2,말까?,말까?
DZES20001132.1.1.704,1,살까말까,살까말까
DZES20001132.1.1.704,1,살까말까,살까말까
DZES20001132.1.1.704,1,할땐,할땐
DZES20001132.1.1.704,1,나,나
DZES20001132.1.1.704,1,뭐라핸?,뭐라고했어?
DZES20001132.1.1.705,2,사라고,사라고
DZES20001132.1.1.706,1,누가,누가
DZES20001132.1.1.706,1,겅핸?,그렇게 했어?
DZES20001132.1.1.707,1,누가,누가
DZES20001132.1.1.707,1,겅했냐고?,그랬냐고?
DZES20001132.1.1.708,2,미안,미안
DZES20001132.1.1.708,2,일월되면,일월되면
DZES20001132.1.1.708,2,살까?,살까?
DZES20001132.1.1.709,1,왜,왜
DZES20001132.1.1.709,1,일,일
DZES20001132.1.1.709,1,월,월
DZES20001132.1.1.709,1,되면,되면
DZES20001132.1.1.709,1,사?,사?
DZES20001132.1.1.710,2,소비해야,소비해야
DZES20001132.1.1.710,2,되네.,되잖아.
DZES20001132.1.1.711,2,아니,아니
DZES20001132.1.1.711,2,지금,지금
DZES20001132.1.1.711,2,있는,있는
DZES20001132.1.1.712,2,그거,그거
DZES20001132.1.1.712,2,알지?,알지?
DZES20001132.1.1.713,1,너,너
DZES20001132.1.1.714,3,그러니까,그러니까
DZES20001132.1.1.714,3,뭔,뭔
DZES20001132.1.1.714,3,모자,모자
DZES20001132.1.1.714,3,살건데?,살건데?
DZES20001132.1.1.715,1,아니,아니
DZES20001132.1.1.715,1,너,너
DZES20001132.1.1.715,1,모자,모자
DZES20001132.1.1.715,1,별로,별로
DZES20001132.1.1.715,1,안,안
DZES20001132.1.1.715,1,좋아한다면서,좋아한다면서
DZES20001132.1.1.715,1,왜,왜
DZES20001132.1.1.715,1,이렇게,이렇게
DZES20001132.1.1.715,1,모자,모자
DZES20001132.1.1.715,1,막,막
DZES20001132.1.1.715,1,사려그래,사려그래
DZES20001132.1.1.715,1,이번에,이번에
DZES20001132.1.1.715,1,&name6&이도,&name6&이도
DZES20001132.1.1.715,1,막,막
DZES20001132.1.1.715,1,줬잖아.,줬잖아.
DZES20001132.1.1.716,2,아니,아니
DZES20001132.1.1.716,2,모자가,모자가
DZES20001132.1.1.716,2,괜찮더라고,괜찮더라고
DZES20001132.1.1.716,2,써보니까,써보니까
DZES20001132.1.1.717,1,그치,그치
DZES20001132.1.1.717,1,나,나
DZES20001132.1.1.717,1,요즘,요즘
DZES20001132.1.1.717,1,모자,모자
DZES20001132.1.1.717,1,존나,존나
DZES20001132.1.1.718,1,땡겨하맨,땡겨해
DZES20001132.1.1.718,1,아,아
DZES20001132.1.1.718,1,이거,이거
DZES20001132.1.1.718,1,진짜,진짜
DZES20001132.1.1.718,1,아깝다,아깝다
DZES20001132.1.1.718,1,나,나
DZES20001132.1.1.719,2,괜찮,괜찮아
DZES20001132.1.1.719,2,버려,버려
DZES20001132.1.1.719,2,그냥,그냥
DZES20001132.1.1.720,3,나,나
DZES20001132.1.1.720,3,한창,한창
DZES20001132.1.1.720,3,군대에,군대에
DZES20001132.1.1.720,3,있을,있을
DZES20001132.1.1.720,3,때,때
DZES20001132.1.1.720,3,모자,모자
DZES20001132.1.1.720,3,좋아해가지고,좋아해가지고
DZES20001132.1.1.720,3,존나,존나
DZES20001132.1.1.720,3,써버렸네,써버렸잖아
DZES20001132.1.1.721,1,요즘,요즘
DZES20001132.1.1.721,1,모자,모자
DZES20001132.1.1.721,1,너무,너무
DZES20001132.1.1.721,1,사고싶어.,사고싶어.
DZES20001132.1.1.722,3,연속,연속
DZES20001132.1.1.722,3,세개,세개
DZES20001132.1.1.723,1,여리,여리
DZES20001132.1.1.723,1,쌍,쌍
DZES20001132.1.1.724,2,아니,아니
DZES20001132.1.1.724,2,그,그
DZES20001132.1.1.724,2,나,나
DZES20001132.1.1.724,2,있는,있는
DZES20001132.1.1.724,2,그,그
DZES20001132.1.1.724,2,뭐,뭐
DZES20001132.1.1.724,2,그거,그거
DZES20001132.1.1.724,2,뭐지?,뭐지?
DZES20001132.1.1.725,2,뭐?,뭐?
DZES20001132.1.1.726,2,아,아
DZES20001132.1.1.726,2,&company-name3&,&company-name3&
DZES20001132.1.1.726,2,모자,모자
DZES20001132.1.1.727,1,응,응
DZES20001132.1.1.728,2,그거,그거
DZES20001132.1.1.728,2,너무,너무
DZES20001132.1.1.728,2,별로,별로
DZES20001132.1.1.729,1,왜?,왜?
DZES20001132.1.1.730,2,그냥,그냥
DZES20001132.1.1.731,3,야,야
DZES20001132.1.1.731,3,모자는,모자는
DZES20001132.1.1.731,3,단순한,단순한
DZES20001132.1.1.731,3,예뻐,예뻐
DZES20001132.1.1.731,3,&company-name4&,&company-name4&
DZES20001132.1.1.731,3,&company-name5&,&company-name5&
DZES20001132.1.1.732,3,뭐,뭐
DZES20001132.1.1.732,3,&company-name6&,&company-name6&
DZES20001132.1.1.733,3,거,그거
DZES20001132.1.1.733,3,뭐냐,뭐야
DZES20001132.1.1.733,3,거,그거
DZES20001132.1.1.733,3,&company-name7&는,&company-name7&는
DZES20001132.1.1.733,3,별로고,별로고
DZES20001132.1.1.734,2,&company-name3&,&company-name3&
DZES20001132.1.1.734,2,어떵할까,어떻게할께
DZES20001132.1.1.734,2,&company-name3&,&company-name3&
DZES20001132.1.1.734,2,요즘,요즘
DZES20001132.1.1.734,2,너무,너무
DZES20001132.1.1.734,2,별로라서,별로라서
DZES20001132.1.1.735,1,왜,왜
DZES20001132.1.1.735,1,난,난
DZES20001132.1.1.735,1,&company-name3&,&company-name3&
DZES20001132.1.1.735,1,너무,너무
DZES20001132.1.1.735,1,괜찮은데,괜찮은데
DZES20001132.1.1.736,3,야,야
DZES20001132.1.1.736,3,&company-name8&,&company-name8&
DZES20001132.1.1.736,3,모자,모자
DZES20001132.1.1.736,3,사샘,사샘
DZES20001132.1.1.736,3,이쁨,이쁨
DZES20001132.1.1.737,2,안,안
DZES20001132.1.1.737,2,이뻐.,이뻐.
DZES20001132.1.1.738,2,난,난
DZES20001132.1.1.738,2,좀,좀
DZES20001132.1.1.738,2,개성,개성
DZES20001132.1.1.738,2,있는,있는
DZES20001132.1.1.738,2,모자를,모자를
DZES20001132.1.1.738,2,원해.,원해.
DZES20001132.1.1.739,2,그래서,그래서
DZES20001132.1.1.739,2,&company-name9&,&company-name9&
DZES20001132.1.1.739,2,모자,모자
DZES20001132.1.1.739,2,살거거든,살거거든
DZES20001132.1.1.740,1,어?,어?
DZES20001132.1.1.741,1,아니,아니
DZES20001132.1.1.741,1,사치,사치
DZES20001132.1.1.741,1,안,안
DZES20001132.1.1.741,1,부리케매,부린다며
DZES20001132.1.1.742,2,아,아
DZES20001132.1.1.742,2,얼마,얼마
DZES20001132.1.1.742,2,안,안
DZES20001132.1.1.742,2,해.,해.
DZES20001132.1.1.743,1,지랄,지랄
DZES20001132.1.1.744,2,진짜로,진짜로
DZES20001132.1.1.745,1,얼마?,얼마?
DZES20001132.1.1.746,2,십만원,십만원
DZES20001132.1.1.747,3,모자에,모자에
DZES20001132.1.1.747,3,십만,십만
DZES20001132.1.1.747,3,원,원
DZES20001132.1.1.747,3,훔쳐가클,훔쳐갈께
DZES20001132.1.1.748,3,차에,차에
DZES20001132.1.1.748,3,있으면,있으면
DZES20001132.1.1.748,3,잃어버릴꺼라,잃어버릴거야
DZES20001132.1.1.748,3,항상,항상
DZES20001132.1.1.748,3,집에,집에
DZES20001132.1.1.748,3,놔두고,놔두고
DZES20001132.1.1.748,3,다녀,다녀
DZES20001132.1.1.748,3,이,#이
DZES20001132.1.1.749,2,아니,아니
DZES20001132.1.1.749,2,&company-name10&,&company-name10&
DZES20001132.1.1.749,2,가지클,가질께
DZES20001132.1.1.750,3,어,어
DZES20001132.1.1.750,3,{laughing},{laughing}
DZES20001132.1.1.751,3,아,아
DZES20001132.1.1.752,1,아니,아니
DZES20001132.1.1.752,1,모자,모자
DZES20001132.1.1.752,1,하나,하나
DZES20001132.1.1.752,1,사는데,사는데
DZES20001132.1.1.752,1,십만원이면은,십만원이면은
DZES20001132.1.1.753,2,비싼건가?,비싼건가?
DZES20001132.1.1.754,1,조금,조금
DZES20001132.1.1.754,1,사치,사치
DZES20001132.1.1.754,1,아닐까?,아닐까?
DZES20001132.1.1.755,3,야,야
DZES20001132.1.1.755,3,갠디,근데
DZES20001132.1.1.755,3,밥,밥
DZES20001132.1.1.755,3,언제,언제
DZES20001132.1.1.755,3,사줘?,사줘?
DZES20001132.1.1.756,1,야,야
DZES20001132.1.1.756,1,집에서,집에서
DZES20001132.1.1.756,1,라면,라면
DZES20001132.1.1.756,1,먹었네,먹었잖아
DZES20001132.1.1.757,3,그게,그게
DZES20001132.1.1.757,3,밥,밥
DZES20001132.1.1.757,3,사준거냐,사준거야
DZES20001132.1.1.757,3,너,너
DZES20001132.1.1.757,3,돌아짱이다,돌아짱이다
DZES20001132.1.1.757,3,너,너
DZES20001132.1.1.757,3,이,#이
DZES20001132.1.1.758,1,아,아
DZES20001132.1.1.759,2,이거,이거
DZES20001132.1.1.759,2,받으면은,받으면은
DZES20001132.1.1.759,2,얼마지?,얼마지?
DZES20001132.1.1.760,3,내가,내가
DZES20001132.1.1.760,3,언젠간,언젠간
DZES20001132.1.1.760,3,봐바,봐바
DZES20001132.1.1.761,1,그,그
DZES20001132.1.1.761,1,정도?,정도?
DZES20001132.1.1.762,1,십만,십만
DZES20001132.1.1.762,1,원,원
DZES20001132.1.1.762,1,정도?,정도?
DZES20001132.1.1.763,1,십,십
DZES20001132.1.1.763,1,만원,만원
DZES20001132.1.1.763,1,정도,정도
DZES20001132.1.1.763,1,생각해야,생각해야
DZES20001132.1.1.763,1,돼,돼
DZES20001132.1.1.764,3,내가,내가
DZES20001132.1.1.764,3,언젠가,언젠가
DZES20001132.1.1.764,3,밥,밥
DZES20001132.1.1.764,3,얻어먹는다,얻어먹는다
DZES20001132.1.1.764,3,이,#이
DZES20001132.1.1.765,2,나,나
DZES20001132.1.1.765,2,이번에,이번에
DZES20001132.1.1.765,2,월급이,월급이
DZES20001132.1.1.765,2,이십에,이십에
DZES20001132.1.1.766,3,나는,나는
DZES20001132.1.1.766,3,있잖아,있잖아
DZES20001132.1.1.766,3,끝까지,끝까지
DZES20001132.1.1.766,3,물고,물고
DZES20001132.1.1.766,3,달려,달려
DZES20001132.1.1.767,1,넌,넌
DZES20001132.1.1.767,1,그럼,그럼
DZES20001132.1.1.767,1,만약에,만약에
DZES20001132.1.1.767,1,나랑,나랑
DZES20001132.1.1.767,1,손절까도,손절까도
DZES20001132.1.1.767,1,나중에,나중에
DZES20001132.1.1.767,1,밥,밥
DZES20001132.1.1.767,1,사달라,사달라
DZES20001132.1.1.767,1,할꺼?,할꺼야?
DZES20001132.1.1.768,3,응,응
DZES20001132.1.1.769,1,손절깐,손절깐
DZES20001132.1.1.769,1,상태에서?,상태에서?
DZES20001132.1.1.770,3,어,어
DZES20001132.1.1.771,1,좋아불맨,좋아버려
DZES20001132.1.1.772,3,나는,나는
DZES20001132.1.1.772,3,있네,있잖아
DZES20001132.1.1.772,3,진짜,진짜
DZES20001132.1.1.772,3,이,이
DZES20001132.1.1.772,3,한번,한번
DZES20001132.1.1.772,3,물면,물면
DZES20001132.1.1.772,3,놓지를,놓지를
DZES20001132.1.1.772,3,않아,않아
DZES20001132.1.1.772,3,그래서,그래서
DZES20001132.1.1.772,3,개새끼랑,개새끼랑
DZES20001132.1.1.772,3,친하거든,친하거든
DZES20001132.1.1.773,1,걱정,걱정
DZES20001132.1.1.773,1,없다,없다
DZES20001132.1.1.773,1,이,#이
DZES20001132.1.1.774,3,강아지한테,강아지한테
DZES20001132.1.1.774,3,월월,월월
DZES20001132.1.1.774,3,하면은,하면은
DZES20001132.1.1.774,3,달려와,달려와
DZES20001132.1.1.775,1,빨리,빨리
DZES20001132.1.1.775,1,나눠주세요,나눠주세요
DZES20001132.1.1.775,1,응,응
DZES20001132.1.1.776,1,근데,근데
DZES20001132.1.1.776,1,뭐?,뭐?
DZES20001132.1.1.777,2,나,나
DZES20001132.1.1.777,2,두,두
DZES20001132.1.1.777,2,달,달
DZES20001132.1.1.777,2,동안,동안
DZES20001132.1.1.777,2,옷,옷
DZES20001132.1.1.777,2,안,안
DZES20001132.1.1.777,2,사고,사고
DZES20001132.1.1.777,2,살,살
DZES20001132.1.1.777,2,수,수
DZES20001132.1.1.777,2,있겠지?,있겠지?
DZES20001132.1.1.778,1,뭐,뭐
DZES20001132.1.1.779,3,나처럼,나처럼
DZES20001132.1.1.779,3,살아,살아
DZES20001132.1.1.779,3,그럼,그럼
DZES20001132.1.1.780,1,야,야
DZES20001132.1.1.780,1,너,너
DZES20001132.1.1.780,1,두,두
DZES20001132.1.1.780,1,달,달
DZES20001132.1.1.780,1,동안,동안
DZES20001132.1.1.780,1,옷,옷
DZES20001132.1.1.780,1,안,안
DZES20001132.1.1.780,1,산다고?,산다고?
DZES20001132.1.1.781,1,옷,옷
DZES20001132.1.1.781,1,존나,존나
DZES20001132.1.1.781,1,밀릴,밀릴
DZES20001132.1.1.781,1,걸,걸
DZES20001132.1.1.781,1,너,너
DZES20001132.1.1.781,1,너,너
DZES20001132.1.1.781,1,한,한
DZES20001132.1.1.781,1,번에,번에
DZES20001132.1.1.781,1,진작,진작
DZES20001132.1.1.781,1,개,개
DZES20001132.1.1.781,1,야,야
DZES20001132.1.1.781,1,그거,그거
DZES20001132.1.1.781,1,아니,아니
DZES20001132.1.1.782,1,너,너
DZES20001132.1.1.782,1,분명,분명
DZES20001132.1.1.782,1,나중에,나중에
DZES20001132.1.1.782,1,존나,존나
DZES20001132.1.1.782,1,사,사
DZES20001132.1.1.783,3,다이어트도,다이어트도
DZES20001132.1.1.783,3,마찬가지야,마찬가지야
DZES20001132.1.1.784,3,어,어
DZES20001132.1.1.784,3,다이어트,다이어트
DZES20001132.1.1.784,3,하다가,하다가
DZES20001132.1.1.784,3,눈에,눈에
DZES20001132.1.1.784,3,한번,한번
DZES20001132.1.1.784,3,멀면,멀면
DZES20001132.1.1.785,2,옷,옷
DZES20001132.1.1.785,2,사면은,사면은
DZES20001132.1.1.785,2,돈을,돈을
DZES20001132.1.1.785,2,쓰게,쓰게
DZES20001132.1.1.785,2,돼.,돼.
DZES20001132.1.1.786,1,왜?,왜?
DZES20001132.1.1.787,2,몰라,몰라
DZES20001132.1.1.787,2,나도,나도
DZES20001132.1.1.787,2,이번에,이번에
DZES20001132.1.1.787,2,옷,옷
DZES20001132.1.1.787,2,사서,사서
DZES20001132.1.1.787,2,이렇게,이렇게
DZES20001132.1.1.787,2,됐네.,됐잖아.
DZES20001132.1.1.788,1,옷,옷
DZES20001132.1.1.788,1,사느라,사느라
DZES20001132.1.1.788,1,영,이렇게
DZES20001132.1.1.788,1,됀거?,됀거야?
DZES20001132.1.1.789,2,이번,이번
DZES20001132.1.1.789,2,카드값은,카드값은
DZES20001132.1.1.790,1,그건,그건
DZES20001132.1.1.790,1,정도가,정도가
DZES20001132.1.1.790,1,심각한디?,심각한데?
DZES20001132.1.1.791,2,얼마,얼마
DZES20001132.1.1.791,2,안산.,안샀어.
DZES20001132.1.1.792,3,야,야
DZES20001132.1.1.792,3,이번에,이번에
DZES20001132.1.1.792,3,오일장가신디,오일장갔는데
DZES20001132.1.1.792,3,좋은거,좋은거
DZES20001132.1.1.792,3,많던디?,많던데?
DZES20001132.1.1.793,1,얼마나,얼마나
DZES20001132.1.1.793,1,샀는데?,샀는데?
DZES20001132.1.1.794,2,나?,나?
DZES20001132.1.1.795,2,패딩,패딩
DZES20001132.1.1.795,2,하나랑,하나랑
DZES20001132.1.1.796,2,맨투맨,맨투맨
DZES20001132.1.1.796,2,한,한
DZES20001132.1.1.796,2,세개,세개
DZES20001132.1.1.796,2,아,아
DZES20001132.1.1.796,2,아,아
DZES20001132.1.1.796,2,맨투맨,맨투맨
DZES20001132.1.1.796,2,하나랑,하나랑
DZES20001132.1.1.797,1,얼마,얼마
DZES20001132.1.1.797,1,사신디?,샀는데?
DZES20001132.1.1.798,2,후드티,후드티
DZES20001132.1.1.798,2,두,두
DZES20001132.1.1.798,2,개,개
DZES20001132.1.1.799,1,아니,아니
DZES20001132.1.1.799,1,너,너
DZES20001132.1.1.799,1,돈벌이에,돈벌이에
DZES20001132.1.1.799,1,맞게,맞게
DZES20001132.1.1.799,1,옷을,옷을
DZES20001132.1.1.799,1,사야지,사야지
DZES20001132.1.1.800,1,왜,왜
DZES20001132.1.1.800,1,그래?,그래?
DZES20001132.1.1.801,3,그거,그거
DZES20001132.1.1.801,3,알지?,알지?
DZES20001132.1.1.802,1,뭐?,뭐?
DZES20001132.1.1.803,2,나,나
DZES20001132.1.1.803,2,(()),(())
DZES20001132.1.1.803,2,짤리는거,짤리는거
DZES20001132.1.1.803,2,몰랐는거,몰랐는거
DZES20001132.1.1.803,2,몰랐던거,몰랐던거
DZES20001132.1.1.804,1,어,어
